# Base values and treatment multipliers for the network
# Format: payoff_a payoff_b treatment_multiplier

2.724400	2.570507	0.428644
3.031057	2.215104	0.604440
1.497914	4.272772	1.280827
3.811882	1.865657	1.287398
4.118850	2.655472	0.910876
2.484783	2.898417	0.528863
4.093264	2.771421	2.152723
3.721147	1.480438	2.791815
0.711438	3.642160	0.524814
1.854554	2.941160	1.840048
4.199270	4.129010	1.961695
3.662742	2.526243	2.830468
2.064101	2.955172	0.879265
1.639699	3.034651	0.577062
2.582778	4.969832	1.994318
2.548039	0.690614	1.661412
5.580862	3.456834	1.070189
4.930584	1.611216	0.978273
2.395991	3.809281	2.024338
2.936391	3.368325	1.536871
0.220428	0.945073	1.291393
3.917520	5.034395	1.402380
2.522684	4.668513	0.637098
1.376772	1.705574	0.734903
1.297720	1.980097	1.509841
3.122696	1.637648	1.556060
6.495640	2.960071	2.246576
3.832980	2.989941	1.208360
3.975697	1.958400	1.645940
4.231627	3.169127	2.017393
3.609266	1.272523	1.222197
2.580583	3.174286	2.120228
1.780764	3.375743	0.569476
4.333568	2.164617	1.513833
3.698040	1.647092	0.922274
4.509445	3.284600	1.440617
4.125117	3.172061	1.421330
2.790613	3.951520	2.354079
2.263553	1.058599	2.067301
2.847399	2.093396	1.485577
1.298338	3.763552	0.545577
2.332981	4.233245	0.084895
1.772165	2.922006	0.813574
3.550296	3.335811	2.391589
0.922672	3.971176	1.100453
4.269362	2.425707	1.302051
3.297863	1.980736	1.780526
2.263217	3.589836	1.040937
2.619232	4.547124	1.884466
2.825302	5.662488	1.107395
0.835087	2.739368	0.896608
1.447013	1.483751	1.056200
1.392816	3.201271	0.655510
2.888931	3.512947	1.728293
1.276939	2.610930	1.151291
1.579276	4.123058	1.221351
1.529732	3.292255	0.994418
2.960306	2.261246	1.661874
3.403266	4.915296	1.652132
3.366625	4.081933	3.257866
0.326579	2.485138	1.138801
2.843391	1.736442	1.645503
2.607649	4.271929	0.454926
0.520439	1.573113	1.406245
2.843295	2.960420	1.693469
3.451888	3.133067	1.335481
2.861512	4.084177	2.063495
1.985542	1.891414	0.842509
2.231493	3.887263	1.209977
1.915899	2.106243	1.353897
3.077472	2.657751	0.540255
2.436129	0.758931	1.923357
2.636141	1.835995	0.320234
3.721391	2.629535	0.869592
1.403768	2.926148	0.541825
4.037770	4.508375	0.784955
2.881909	1.173905	0.612227
4.423760	2.254047	0.860425
3.333784	2.174637	0.606723
3.561259	4.568249	1.768005
3.352951	3.255855	0.912055
2.531717	2.479241	0.893978
3.629767	2.592103	1.784368
5.353924	1.809170	0.569039
3.402085	3.017197	1.469417
2.892859	3.979886	1.030829
2.968215	2.238112	1.271657
2.960903	2.780186	1.974074
3.193613	3.313074	1.804919
1.695003	4.434403	1.665826
3.303454	2.943614	1.516616
3.017030	4.129040	0.532992
2.290891	2.896419	0.040349
2.131005	5.853848	1.394786
1.534134	2.136908	0.394788
1.800536	3.162905	-0.008987
1.347954	1.375728	0.826026
2.139045	1.454669	1.910477
1.313102	1.219732	1.389860
1.708727	3.231247	1.397435
3.355708	5.302801	2.655538
4.282362	3.943575	1.643309
3.427678	3.157323	0.787883
3.211851	6.398788	0.968347
2.771213	5.260664	1.192163
1.612213	2.200514	1.046482
3.525690	3.179918	1.348950
1.958072	4.907378	1.101236
2.829854	2.057275	1.245374
2.806781	3.030512	1.227638
3.364143	1.087540	1.129651
4.061141	3.848829	0.355859
3.870321	3.390518	1.738003
3.368729	2.352633	0.809974
3.232899	3.302145	1.733007
2.133553	4.037694	1.940197
3.633794	3.072731	1.984401
3.122221	2.114328	0.656876
3.643183	2.305709	1.207529
1.864032	2.562316	1.349718
3.865968	4.336738	0.705883
2.634693	4.713139	0.622095
0.782036	2.136816	1.509785
1.871155	4.502655	1.124866
3.360120	3.221583	1.355085
2.681735	4.068339	1.419869
2.229820	1.707743	0.995940
3.487195	3.861848	1.138506
3.689039	3.535539	0.848326
1.561310	3.483386	2.575975
2.651193	3.221931	1.924683
4.016570	1.681557	1.713172
2.685919	2.017204	-0.078447
-0.190546	2.451035	1.436418
2.674125	3.748227	0.646808
2.400705	1.455839	1.013221
1.577568	3.816959	0.740490
1.563372	4.083226	0.186241
3.794983	2.618663	1.694982
1.670921	4.257496	0.796934
2.374998	1.145220	1.937413
2.962317	3.500716	1.590937
3.891477	3.419514	0.910340
2.850314	4.523615	1.269689
4.897088	2.733206	1.933276
2.706354	1.412075	1.942040
1.792474	3.912924	1.880808
2.635089	1.251795	1.245071
6.485466	1.243913	0.569812
5.122427	2.631092	1.077998
3.241612	2.193266	0.729827
4.901569	1.060226	2.130991
0.559671	4.932206	2.913384
1.596028	4.674367	0.941238
1.314544	4.620126	1.096550
4.491901	1.972879	0.827656
0.466559	5.026553	2.368459
3.326244	2.431715	0.223891
3.360354	1.389348	0.915983
3.820257	1.965284	2.170289
1.079421	2.713646	0.524411
1.539987	1.469985	1.453685
1.969901	3.103626	1.617914
1.018890	4.662179	0.394032
3.077160	2.561564	0.355891
1.496657	2.892929	2.679498
3.299435	3.893501	1.083152
3.804355	2.423547	0.905160
-0.524925	4.497373	1.624770
2.232804	3.166166	0.847965
4.476152	4.934409	1.165718
1.925196	3.160752	0.682575
4.143520	1.986865	0.310912
1.999677	2.294354	1.461353
2.609101	2.279876	0.413408
1.986825	2.209309	0.528525
3.211940	4.605397	2.262654
3.882715	2.422712	0.746399
5.010736	2.736326	2.321258
1.829329	3.881062	2.485296
1.961734	2.548588	1.105235
1.575836	2.035779	2.615317
3.450020	4.882721	1.704287
2.046505	1.754197	1.274391
4.287106	1.995448	1.104999
0.651618	2.633094	0.612889
2.282749	5.760475	1.401492
2.875366	2.824389	2.007700
1.623053	3.396200	1.177904
3.856710	3.374177	0.405572
1.552570	3.646567	2.310796
2.351393	3.538336	1.795126
2.249712	2.546046	1.241173
1.982220	4.956823	0.869492
2.031775	2.448323	1.309228
1.457934	4.253780	0.502995
2.711702	2.953774	0.872091
2.366870	4.376173	1.744775
0.519557	3.591806	1.455495
3.691404	-0.886814	1.012543
3.513554	3.282833	0.760035
2.921660	2.612114	1.092314
3.822933	3.435743	1.355879
3.898849	1.601139	1.719636
4.282292	3.614301	0.688630
5.158786	5.313083	0.950065
0.621649	2.656878	1.792742
1.908269	2.451794	2.272443
2.845880	3.931094	0.563489
3.454129	3.993583	0.760575
3.367488	1.939065	0.592212
1.779774	3.003314	2.578151
2.826120	2.316809	1.883106
1.159967	3.818471	0.518800
2.007685	2.077487	1.361195
2.579926	3.254546	1.126254
2.236849	1.463850	1.666284
2.287753	4.612253	0.881251
2.664644	4.137746	3.374288
1.671455	1.466330	0.388875
2.154150	2.262916	2.753378
1.889665	2.711750	1.441792
1.896919	1.499918	3.198283
1.841005	4.089685	0.600325
3.071481	4.552449	0.610605
2.824473	2.798288	0.387388
2.804914	2.949197	1.429266
2.513096	1.872808	1.328156
2.688262	3.454399	1.845329
2.741127	1.212481	0.423291
2.745887	1.520799	0.579883
2.831044	1.798663	1.283276
4.105643	3.143092	2.303850
4.929793	4.610873	1.547541
2.263115	2.935675	1.029332
1.214089	3.413876	1.432631
4.165709	2.246540	1.683080
1.514046	2.890591	1.121006
4.890399	3.925247	0.691970
1.644594	4.746073	1.015479
0.968418	5.563871	0.839987
3.582096	4.263557	1.306949
0.752202	3.203330	2.257795
3.172556	1.493021	1.055559
1.435169	3.007081	1.492129
3.297505	3.799974	1.245032
2.086237	2.358390	1.371627
1.119294	4.848943	1.227705
2.469548	3.222589	0.674452
3.157905	4.750929	1.757926
1.725461	3.197587	0.933035
2.612490	4.605677	1.593720
1.722199	4.405712	0.679488
3.025376	2.797856	0.660998
2.454021	4.615999	1.748120
2.930237	0.975585	1.397759
3.981454	3.536202	0.653115
2.987138	1.645832	0.763404
2.040445	0.747069	0.649869
3.718429	1.150451	1.824541
0.681249	3.774989	0.999977
3.484998	2.600194	1.443856
3.172335	0.092656	1.995608
3.316745	2.168722	1.182002
3.003320	0.013725	0.653431
3.377568	2.096586	0.843319
1.023958	2.160398	1.060849
2.525047	3.574268	3.328889
1.979605	4.635140	0.487554
3.003157	4.073241	0.659801
2.397834	3.772059	1.832670
1.246376	3.136349	2.399220
2.003564	4.675954	0.893564
3.899034	3.000506	0.723977
1.219338	3.512517	0.872078
0.735390	4.951371	1.310026
2.119513	3.555979	0.531455
1.890954	1.917862	0.969807
4.392208	2.341383	2.623451
2.442483	1.496109	1.794401
5.014331	3.457790	1.164679
2.191072	4.521507	2.007341
2.525463	3.935707	2.140230
0.777072	2.853431	1.644520
2.128519	3.186627	2.700355
2.761751	3.150840	2.272928
3.015701	2.321792	0.798668
2.969079	3.732525	0.715131
0.989859	2.063352	1.690673
1.661465	1.689545	0.380364
2.117832	4.239742	1.198529
3.847587	3.752892	1.350172
2.075764	3.302924	-0.381933
0.036032	2.080543	1.113625
0.101880	1.721160	1.926794
1.632982	4.773218	0.572079
-0.361062	2.083297	1.504488
4.227393	2.910731	2.171890
3.861738	2.661051	1.215293
2.774278	0.793792	1.282447
1.411731	0.860754	2.404905
2.972608	2.848690	1.602647
4.178848	1.618566	1.108934
1.427050	3.251336	1.458094
1.730614	1.775515	2.732776
1.891611	2.207110	1.726444
2.361247	1.274232	3.249459
2.848690	4.867259	0.920334
2.360996	2.722434	2.148560
2.936378	4.127855	0.370233
1.553088	5.063815	1.892222
2.349046	3.148088	1.150642
2.930191	0.649870	1.878321
2.041154	3.067954	0.480511
2.533151	2.801421	0.427992
3.473429	2.990982	1.778985
3.856465	2.455045	1.832251
1.520933	2.532401	0.715938
3.149090	4.330546	0.548663
2.937316	4.601220	1.481491
2.818865	3.363880	0.776467
4.772469	2.731979	1.356534
4.470185	1.871226	0.873564
3.932232	3.692431	0.923951
3.796205	3.320759	1.006824
3.810526	2.880744	1.242174
3.164095	2.225101	1.212133
4.106077	0.691253	2.455058
3.731757	2.543873	0.591365
1.984998	-0.035659	0.614452
2.363186	3.314194	0.490942
1.502954	1.826953	0.689503
2.373363	2.294116	0.334289
3.269066	1.751216	1.546235
2.810069	4.416054	0.577346
2.599745	3.427173	1.494970
2.961917	3.611516	0.796588
2.332993	2.314351	1.752301
2.551012	2.660079	0.434917
5.129917	3.973372	1.873913
0.947204	1.102842	0.579237
2.269540	3.030760	1.444028
2.216806	3.781394	1.979271
2.715736	3.366755	1.867531
4.230814	1.333330	1.542699
2.754333	2.305137	1.675447
4.218979	0.348778	1.572236
0.234518	2.804636	1.659168
3.526297	4.713486	1.474859
1.758921	4.807706	1.674162
1.285384	3.807484	0.939377
1.300772	2.577811	1.739199
3.343196	1.240551	1.461434
3.869023	2.570467	1.631531
3.907405	3.662201	2.347255
1.606875	4.272976	2.408477
4.040534	2.213305	1.775614
4.146326	0.887306	1.031903
2.789600	1.525682	1.172224
3.342569	4.032547	2.550536
4.925118	4.705540	0.488313
2.234229	2.042284	0.586938
3.262256	2.439269	0.672568
3.951155	0.400343	2.099297
5.046862	3.638389	2.216176
2.443961	3.233989	1.460752
4.067164	3.137216	1.653815
0.698588	2.647384	1.102880
3.439395	3.595998	3.316503
2.243493	3.808316	1.711622
4.489207	3.979607	1.019973
1.989365	2.391140	0.261731
0.700040	2.688730	2.647930
3.335392	2.295907	0.924436
2.845539	4.333439	2.095649
3.050116	3.564618	1.580424
1.146395	2.612922	0.390975
4.539289	3.124557	0.825377
4.296738	1.776884	1.095245
2.897342	2.540786	1.117182
2.991985	4.074010	1.753260
3.302713	3.541852	1.096722
3.675714	2.309472	2.975651
0.705988	3.766141	1.969171
2.829403	2.918502	1.828098
2.430101	2.955745	0.969215
2.380140	2.366359	1.711029
2.903548	4.297189	0.524148
1.629432	2.519117	0.756528
2.195378	2.504813	0.793164
3.498594	3.159721	-0.092835
0.747633	1.229955	1.884659
2.852926	2.276777	0.411795
3.284242	5.284513	1.309548
2.897122	1.713630	0.519114
3.454594	3.886420	0.332846
0.913064	1.101480	0.693347
4.308641	4.621363	0.619922
-0.128857	1.370651	0.363078
3.540855	2.977809	1.493988
4.032404	2.925657	0.628409
3.054492	3.007000	0.480407
1.962392	4.270493	1.677157
4.007164	3.152389	2.120825
2.813193	2.416372	2.272331
4.008389	2.854968	0.561878
2.044951	5.440794	0.985144
1.079176	4.736284	1.327973
3.420109	1.231986	1.178595
4.305941	2.444199	2.167607
4.070597	3.861229	1.179643
3.942590	3.359729	0.848436
1.752685	3.262791	1.579586
2.178753	3.298814	0.531775
4.430965	3.255925	0.645332
2.867311	3.238491	1.122861
3.531089	1.706551	0.371254
2.685895	6.075033	0.886946
3.612821	1.996564	1.325824
1.796792	1.863474	0.739818
3.266320	5.915003	0.995527
2.982167	3.188595	2.440812
1.955845	3.395248	1.796519
1.737866	0.677081	0.530342
4.036826	1.494187	1.350460
2.282684	3.156357	0.822744
3.834467	3.308557	0.578082
1.326918	2.198654	1.134327
1.721515	2.954147	2.052823
3.631984	-0.037389	1.240217
1.988610	2.419140	0.765887
1.143239	3.085491	1.349476
0.985024	1.200106	2.286525
3.251069	4.800686	1.243699
2.323903	1.539125	2.115661
2.372224	4.209602	1.640966
2.768082	2.878753	0.814044
2.984355	2.954808	1.120365
3.945712	2.101028	1.798349
1.536041	1.116546	1.249464
2.046014	1.689629	2.617457
2.618076	3.025137	0.741875
1.849294	3.089139	1.248523
3.916813	3.429406	0.609743
-0.143498	4.487131	0.996712
3.146923	5.347702	0.842984
3.490724	3.790515	1.628029
4.012111	2.685245	1.250010
2.773481	2.579349	0.869942
2.833881	-0.126786	1.653208
3.762116	3.844676	1.871709
2.494309	5.072979	3.585578
2.136255	4.203181	1.959852
1.673903	3.461957	1.026835
2.895854	2.736299	0.685181
-0.173882	3.233697	0.617775
2.874798	3.994451	1.438151
3.960950	5.442039	0.694514
3.646267	2.325492	1.454903
2.095196	4.664038	1.337571
2.919614	5.944818	0.717715
4.879389	5.720616	0.708890
3.893938	3.633483	2.190121
3.749325	4.161441	2.052601
2.477970	2.360807	0.864640
1.632579	1.948338	2.102647
1.018005	2.749902	0.806602
1.540272	2.059773	1.032547
3.101256	3.217931	1.305198
2.829625	5.565814	0.634902
3.590983	4.018887	1.300202
2.727974	4.934149	0.633889
3.035710	2.668706	1.173963
3.861526	2.344099	1.507901
4.865961	2.661480	1.741251
1.181892	3.784202	1.604585
2.022678	5.430969	1.114470
1.967099	2.814449	1.214076
0.974407	4.770597	0.343460
1.622610	3.831990	2.088785
1.971655	0.543678	1.689840
3.543666	3.103714	0.174834
3.609179	4.867201	0.595097
4.743650	3.364154	0.556828
2.678619	1.287200	1.009275
3.642829	2.714940	2.055670
2.201360	3.759561	1.382989
3.874096	2.421498	0.728283
1.722617	2.832850	0.462836
2.498679	1.030496	1.711034
1.543748	1.521215	1.802180
3.969296	5.043392	1.574698
1.435023	3.655288	2.754104
3.600868	1.209277	1.230139
2.560979	5.033516	1.070084
4.738806	2.705639	1.050934
1.839813	0.573046	0.708958
3.157521	5.337380	1.813305
1.745102	0.677298	0.592213
1.909353	4.057920	0.229874
2.168650	2.015438	0.994461
2.419155	2.729701	0.990591
1.112771	2.282716	1.492769
1.902732	2.230915	1.148730
1.521260	4.129509	0.515140
1.931174	0.727279	0.876269
3.730017	3.225199	2.197315
1.603984	2.328405	1.211785
1.926041	2.153347	1.423897
3.857535	2.863129	2.070618
3.239594	1.837402	1.692924
2.016310	4.144817	1.472741
1.753834	4.214564	1.713950
2.728288	2.178337	1.769398
4.070163	2.064181	0.679043
2.545346	3.116436	1.729711
2.889160	3.306064	0.661657
2.343460	1.437313	0.894149
3.023118	2.121038	1.425545
3.493344	4.646474	1.424246
0.594443	4.648569	1.186902
2.844187	2.369051	0.808398
1.636374	2.688468	0.783275
2.713496	3.576923	0.780163
1.824467	4.992963	1.514166
3.064714	3.109163	1.432275
3.417592	2.632117	1.049887
2.158656	2.668402	1.475494
2.191000	1.859471	1.008402
2.831905	2.395745	1.019073
2.994714	2.732320	0.961706
3.406404	4.186889	0.440002
5.218568	2.818105	1.029424
3.118314	2.612699	1.859528
4.739565	3.948602	1.101723
1.282313	2.878347	2.562256
4.144943	2.143710	0.491494
2.007998	2.995397	1.786560
0.984636	3.151181	1.301667
2.672962	3.236432	0.387019
3.097574	1.702007	2.062388
2.940519	4.238206	0.470354
2.102769	4.204970	0.949423
2.480707	2.242572	1.511669
2.682789	2.209289	1.334258
3.406772	3.255600	0.589811
1.110234	3.320384	2.552654
2.629403	1.702635	2.075106
3.465590	3.837865	1.412228
1.683022	2.208448	1.547999
2.257992	2.089377	1.493186
3.344437	3.178766	0.963915
1.437087	2.013035	2.857933
5.525088	4.842675	1.140100
3.232602	2.746470	0.866384
2.156041	3.049699	0.593903
2.723513	1.067914	1.437289
3.775055	4.614964	0.060996
3.137253	1.690067	1.146229
2.715287	0.642280	1.642842
4.395653	2.571914	1.545544
5.206618	5.346276	0.675632
2.304723	1.791732	1.470866
4.413933	0.745458	2.563502
2.157915	2.354209	1.897050
4.676283	3.193221	1.445218
2.326756	2.242218	1.090325
3.294050	2.884736	0.768642
2.584689	2.233052	1.708097
0.970709	1.804758	1.449089
1.898028	2.684094	1.404782
2.180576	2.893296	0.871721
2.484706	3.849126	0.771273
3.682783	2.837869	1.123201
4.087558	2.127912	2.255761
-0.682967	2.520493	1.179707
2.705614	1.064806	0.882957
4.465093	2.219423	1.636126
2.737934	2.699522	1.702847
4.016050	3.271475	0.606346
5.239721	3.584726	1.210355
1.408489	2.113180	1.885713
3.136772	2.561355	0.518477
2.161393	4.543878	1.925966
3.218036	1.837285	0.820171
1.566200	5.618828	2.168401
2.443959	1.362903	2.809992
0.971034	2.250436	0.885646
3.393356	3.449174	1.360115
4.553283	2.992384	0.785809
1.945831	2.839602	1.105979
0.911755	5.377297	1.444868
3.359516	4.848466	0.699498
1.325847	4.539178	1.696631
1.939983	2.228316	1.199080
2.596910	2.924934	1.117426
1.321463	1.926075	3.394342
1.997476	1.536285	2.388826
2.213092	1.111015	0.619597
1.879488	4.254161	0.595369
3.223309	1.450121	0.920941
3.694025	0.640273	1.614589
4.829144	4.560376	0.876440
1.840268	2.882427	0.881513
0.999081	3.687038	0.977807
3.169362	1.998284	1.335961
2.510875	2.319615	0.324239
1.395090	1.970223	2.119653
1.053971	4.028797	2.130561
1.614676	1.277979	0.437356
3.565655	3.443544	1.300103
3.204501	4.099300	0.377405
4.337455	2.812752	1.357553
0.942392	3.325245	2.018447
1.904095	1.850994	1.907497
3.849885	3.365753	2.285965
1.720406	4.529266	1.742121
1.551425	2.707316	2.210646
3.064939	2.534521	1.123960
0.686397	4.112889	1.127302
1.776536	4.672654	-0.032731
1.249441	1.406563	1.074460
5.024147	3.408610	1.351835
1.961414	3.426038	0.784329
1.445961	2.610259	0.751142
3.893973	2.126218	2.209419
1.721186	3.084298	1.348849
2.345019	2.441014	0.991687
1.502804	3.014972	1.662664
2.130345	1.758411	2.013039
2.443530	5.915960	1.049301
2.033172	4.797332	1.755925
4.514332	1.855897	1.427544
3.131757	5.524478	1.305056
2.278920	3.044175	1.643583
0.802994	2.362006	2.807911
2.955589	4.929283	0.911914
2.203993	1.004848	1.344391
0.994751	2.957052	0.967194
3.577207	3.764824	1.412098
3.146281	3.809144	1.239481
1.679771	2.519095	1.757045
1.879618	2.674253	2.906707
1.393731	2.156024	1.056360
2.372284	2.128529	1.600888
2.238938	3.486049	1.884291
4.002565	4.573387	1.764945
3.161422	1.240019	1.558012
2.039590	2.670858	1.469843
2.439990	2.842351	2.072140
1.127940	4.193566	1.131056
3.595221	3.573843	1.240119
2.337891	5.369529	1.373198
4.016226	3.606638	2.177035
2.340948	6.176611	1.223193
3.566888	4.333732	0.907365
5.630198	2.497006	1.508363
1.232500	3.385861	2.776049
2.342910	2.762739	0.569506
5.062837	2.667139	0.872469
3.728997	2.172947	2.596581
5.052930	3.842251	1.471521
3.273660	2.002736	1.480757
4.074497	4.338768	1.814651
4.636115	1.690712	1.963031
1.757577	2.124623	0.924367
1.835623	2.914689	1.361514
3.032442	2.789952	1.093091
2.602289	2.258797	0.526736
2.326154	4.747069	0.742006
0.426846	2.986332	1.615952
2.687988	3.940300	2.117423
1.389954	1.437090	1.670573
2.983955	0.714657	3.075284
3.732189	3.271910	1.679891
4.354593	1.695513	0.900906
1.963641	0.110558	1.707682
1.604310	2.316153	0.923967
0.481022	2.105373	1.774105
0.412660	2.242540	0.288377
3.547112	2.958024	1.181263
5.681490	3.943551	1.593479
5.247407	1.735055	3.377457
2.255202	3.414736	1.163831
0.904528	4.278447	0.284641
2.968795	3.829997	1.248970
3.079512	4.316048	3.074772
1.810373	4.257852	0.393274
3.844712	2.953543	1.452682
1.660649	2.133855	1.895603
4.002914	6.221215	1.128979
1.418355	1.729776	0.913105
3.321414	2.514365	0.917052
4.785698	3.558415	1.354736
2.376023	3.529526	1.683689
2.780198	2.784472	1.081806
0.643639	3.214381	1.842522
3.973060	1.069478	1.834196
1.434215	3.512192	2.230647
3.414029	2.911182	2.459563
1.700682	4.394950	1.054340
2.446901	4.603659	0.749527
2.992305	3.852713	0.541510
3.026834	3.223786	2.968242
1.209801	3.587357	1.690661
3.539940	0.471780	-0.034578
1.920380	3.542360	1.573116
0.630379	4.958736	0.297954
2.258777	5.530007	1.012171
2.398853	2.133518	0.145564
2.708086	2.469615	1.112180
1.748064	4.718343	1.576319
1.571792	0.308454	2.572203
3.981699	2.299724	2.014773
2.103227	2.142094	1.417555
2.013383	2.080569	0.643763
1.403183	3.077712	1.846620
1.998012	3.876435	2.426863
2.882694	1.572488	2.699133
2.508521	2.998313	0.628875
1.408340	3.827318	1.629394
2.506542	2.510940	1.496190
1.544433	1.766476	0.900721
4.388768	3.400942	1.862569
1.308871	2.787866	1.942835
3.462016	2.667518	1.749562
3.774021	1.148624	0.596100
0.408678	2.760517	-0.060764
4.121804	-0.839500	1.217000
2.309351	1.789605	1.517011
1.411275	1.488958	1.729101
2.995788	1.779114	0.556594
1.558566	1.057434	1.052468
5.136473	3.521559	1.570666
-0.184897	1.517760	1.282720
4.187781	3.781393	1.159736
3.240839	3.087817	0.814190
0.468623	4.044299	1.512676
2.734034	2.568862	2.223509
2.222580	1.373365	2.645743
2.764250	3.271751	1.116988
2.171632	3.565327	0.331280
1.128600	2.677197	1.374416
2.426127	0.765072	0.409029
2.577194	3.880374	1.932804
2.096769	2.959062	0.911168
3.258578	2.534640	1.831123
2.102203	1.587956	2.184665
2.385063	2.598182	2.081428
2.899090	3.676152	2.869270
3.191209	1.991740	1.202981
0.312786	3.889968	0.893329
2.831121	2.685180	0.540613
2.954940	1.261692	1.015302
3.430240	2.166375	0.843686
1.728180	2.253958	1.005537
2.385367	2.985586	1.695001
2.448280	2.484471	2.132787
2.860264	3.009935	1.608306
1.752427	1.701809	1.735154
3.309202	3.024326	0.959667
2.702850	4.109035	0.494132
0.482540	1.935605	1.382841
1.368051	5.707527	0.800829
3.424542	2.905126	0.739162
3.184991	3.616276	1.801652
3.505632	4.106044	1.436741
2.351206	2.398361	2.425814
1.581592	3.602937	0.773359
2.465171	2.081529	0.904376
1.929339	5.688277	1.000628
3.352680	5.196473	2.255616
3.807721	3.068345	2.273125
2.374598	1.775638	1.630263
1.138581	4.330571	0.689910
1.465321	3.253749	2.848561
3.515467	2.201455	2.836563
6.792142	1.811166	0.842087
4.407253	3.509707	2.716524
3.594095	1.660563	2.112203
6.589829	2.785470	0.780997
3.384313	4.733385	1.277206
1.795338	4.789046	1.449577
1.791383	4.676354	0.970458
1.639819	3.655450	0.516226
2.706121	3.284300	1.097343
4.368476	2.048031	1.137959
4.954229	4.470258	1.511260
2.565733	1.949867	0.945277
0.736963	6.311917	1.299775
2.371111	1.798370	1.411514
1.145837	2.155372	0.656882
3.651676	4.269442	1.030418
4.700268	2.632338	1.621439
1.269927	1.770059	1.021657
1.293381	3.687385	1.103091
1.470356	2.142905	1.750636
2.216513	0.996240	1.661694
2.691449	2.871417	1.685196
5.017893	1.680134	3.546773
1.100804	2.125940	2.233843
1.301909	3.656383	0.569452
0.594072	2.273586	0.484684
1.471628	4.417570	0.818449
1.748379	0.916685	2.091180
2.198180	3.383863	2.159956
2.128795	2.266413	2.300014
1.728438	3.762645	0.889189
1.510551	2.605820	0.393467
3.150447	1.438412	0.542813
2.356333	0.853213	1.873139
2.627930	1.825429	2.117462
4.787429	1.023053	0.526854
3.126287	4.465357	2.484691
2.108738	1.965738	1.377756
2.038126	2.014137	2.300497
3.209164	2.318994	1.210152
1.279042	0.481246	1.962121
4.001948	6.019914	1.255381
2.960237	2.027540	1.568508
3.147702	4.966138	0.684601
2.145752	3.049642	3.331479
3.631768	1.031446	1.408565
3.398423	2.629015	0.763572
1.416164	1.763632	1.129314
1.688806	1.547915	0.722901
5.422806	3.589444	2.026828
4.850276	3.062368	2.821689
3.445719	2.574755	1.660568
2.002487	2.621061	1.916261
1.091086	4.298191	1.450619
0.586767	2.075601	1.498511
6.176848	2.636173	1.714150
2.577710	4.517768	1.103149
1.323880	1.106207	2.042895
1.955106	1.915967	1.549518
2.557548	3.582659	0.956714
3.789163	3.311088	0.654847
1.405723	2.550043	2.197729
1.753055	1.780127	1.787608
1.155825	4.164312	1.178839
2.651706	2.275770	1.218068
2.884258	3.033746	1.765377
3.870708	2.107606	1.621784
2.802722	1.906591	1.260063
2.430826	2.556743	1.059682
2.809932	3.132385	3.037674
3.201831	2.283614	1.918266
2.839842	2.089314	1.606614
5.852828	1.904563	1.302797
1.869282	4.059178	0.868534
1.970535	4.059655	2.370685
2.808325	2.516173	1.440569
1.647245	2.053396	1.779780
2.208447	2.790724	1.987483
1.568119	2.868921	1.546115
1.305885	4.688498	0.735138
3.682099	2.585772	0.636583
2.525333	2.677917	1.320023
3.665366	4.783996	2.701264
0.997257	3.506305	2.047435
3.601208	2.949372	1.521537
3.195184	2.422851	1.213764
3.496701	4.708755	1.480544
5.405798	0.656085	2.459091
2.387377	0.677723	2.863128
1.798192	0.123001	1.801733
3.135293	3.263172	1.863506
2.754358	1.708852	-0.043126
2.985435	1.786294	1.694478
2.033628	1.297584	0.770581
2.415775	2.761477	0.645509
3.104273	3.021809	1.789560
3.363297	5.688692	0.889253
2.460137	2.847589	1.017020
2.588846	0.990977	1.287273
2.030303	2.561882	1.508179
2.644862	2.950873	1.285489
3.358000	1.513673	1.362200
2.473871	2.233140	1.642632
-0.241167	1.323517	2.239170
2.488914	4.310270	0.281199
-0.027203	2.346636	1.047142
3.680890	4.053835	1.795862
2.177875	2.180661	1.448869
3.981682	3.955311	1.041244
3.584480	2.438323	1.269258
3.513694	0.665918	0.621990
3.884353	2.920161	1.719751
2.528934	1.865697	1.755876
0.644571	3.129245	1.027482
3.246534	3.843231	1.950812
3.294256	3.441794	1.216457
1.623835	3.267476	1.044087
1.500815	4.328477	1.626730
2.316018	3.526979	1.938753
3.265927	4.201762	0.976476
3.487703	1.679542	0.740677
3.162670	2.022252	1.543935
3.506692	1.074837	0.721125
2.536952	2.014931	2.049225
3.269936	4.338200	0.922311
2.598997	3.199331	3.229439
3.104177	4.345338	1.898471
2.437311	2.400390	2.555254
3.351994	0.641273	0.719392
3.309652	1.789813	1.126828
2.375749	4.099262	1.977533
1.984490	3.776891	2.481325
3.892800	3.132040	1.382518
2.711448	2.856677	1.617657
2.515598	1.660314	1.231983
2.106262	1.211794	1.168004
1.501233	0.497051	0.817053
2.663928	5.029923	0.893807
1.943894	3.465134	1.650357
3.878262	1.561035	1.394824
1.557827	4.188958	1.889059
2.538425	1.451053	1.842027
1.763140	2.919660	1.323895
1.766670	-0.274537	0.689423
2.077987	2.259007	0.567257
2.409226	4.510660	1.590528
2.453523	2.742937	2.111112
3.455537	3.012413	2.412056
4.536521	1.483550	1.538888
1.612438	3.113958	0.761786
4.019745	2.759046	0.939388
1.389379	6.135825	0.368861
1.607631	4.088238	0.962063
3.714152	2.470074	3.162525
1.777872	2.802690	1.492359
3.301551	4.272177	2.212020
2.677098	6.311638	0.681153
2.431967	5.460960	0.304479
1.967998	5.800508	0.967639
4.367145	2.846430	1.985427
4.217994	4.660777	1.410333
3.953041	0.021616	1.198932
4.803801	3.650759	1.230556
3.158181	3.262016	0.373498
2.647811	3.783140	1.241420
2.939473	2.716906	0.681567
3.893319	3.501631	2.549122
2.913568	5.240445	1.346945
2.555175	0.984290	1.814737
3.461309	2.714543	0.956360
3.433682	2.607316	0.942176
3.470631	6.005540	2.005553
3.201514	4.172778	2.293347
2.270469	1.337691	1.847849
0.101888	2.377583	1.207357
-0.180372	4.339511	0.683942
2.218901	1.186625	0.527397
3.543224	1.761368	4.018878
3.991087	3.207626	2.344009
1.867982	2.262719	1.214557
2.614896	1.092958	1.838550
2.614808	1.282778	1.283088
2.965717	2.064836	1.263163
1.059803	2.304032	1.772108
2.048558	4.282225	1.112484
2.830635	1.852467	0.494428
4.049066	3.126490	2.168725
2.270045	1.135399	1.320914
2.172947	2.735384	1.390795
2.769032	3.107257	1.175760
3.527240	1.066239	0.539733
3.391056	2.340384	2.075809
6.601370	2.564694	1.720075
1.777347	2.610369	1.062967
2.391432	0.613153	0.949752
4.324789	2.189442	1.835372
3.654896	1.951718	0.022048
1.306086	4.865591	1.295791
3.508457	4.202062	1.686333
0.907372	3.579676	0.985697
0.604063	2.647907	1.563659
3.592114	3.157598	0.535270
3.142664	4.575483	2.205126
3.256017	0.577177	0.854715
2.030469	2.950070	2.227549
2.241258	1.882865	0.920377
1.369844	4.900745	0.641433
2.011255	4.851602	1.239809
1.258710	3.788472	2.168018
2.892606	1.578050	0.345394
2.705420	2.484870	2.487266
1.555883	2.243859	1.650746
0.049137	3.211516	3.004992
3.989867	2.954364	1.000391
4.664258	4.582219	0.501504
3.897091	4.486035	1.824290
-0.351013	3.508408	1.683212
1.118772	1.899499	0.270043
1.950237	2.187284	2.225311
4.697708	2.933990	0.329213
2.387419	3.867220	2.157519
3.501835	3.531149	0.546576
0.743045	1.760667	0.535738
2.668961	3.880143	1.162875
1.392846	2.488655	1.056879
0.917813	4.231102	0.481183
2.642347	1.153864	0.127226
1.047271	4.157902	0.263613
4.152279	1.683857	0.833871
3.186604	2.349315	1.627679
3.223194	3.819829	1.382672
3.935162	0.798730	0.827748
3.389304	3.602423	1.200914
2.810430	3.234809	1.131042
1.673334	4.299555	1.075094
3.298140	1.709493	1.939745
4.085725	3.789604	0.571717
2.529137	2.788374	1.591497
2.322007	4.645079	2.697245
3.433075	3.511847	0.758909
2.584564	4.067006	2.435458
1.565687	3.083443	1.435759
2.246512	0.440195	1.857227
1.139458	1.837021	1.846829
3.096669	1.837920	0.772558
1.808883	3.263261	0.669609
2.029487	4.596969	2.089284
3.565124	3.026258	1.060043
3.153461	3.740689	2.620242
2.369768	3.361635	1.286005
3.749792	2.228493	0.846424
2.553549	3.171005	0.324017
3.574581	2.960844	0.577204
2.775449	3.202800	1.678815
3.581359	1.560747	1.600611
1.375194	2.850473	0.789573
3.168431	0.734417	1.695631
4.288015	2.843632	1.767459
2.119895	5.936598	0.849903
4.801402	1.964578	2.369554
3.949496	2.458263	3.360030
3.848351	2.799091	1.957912
0.957940	0.622776	1.110127
4.262677	2.053662	1.651988
3.070212	3.703339	1.871757
2.181680	2.240153	1.158538
4.381716	1.262324	1.593800
2.214899	4.905455	1.266204
1.228540	4.580739	0.967775
3.621475	2.771796	1.235729
2.086527	1.567345	0.372743
4.784851	6.298374	0.784721
2.800482	0.808746	1.991278
2.857516	4.032316	1.817954
1.482148	2.225386	1.168962
2.545038	1.968636	3.314257
2.227837	1.966919	0.607602
1.164162	2.674375	1.201616
2.217338	2.476510	1.907317
2.483190	1.175789	-0.253800
2.663203	2.501174	0.638990
4.064814	3.479579	0.529605
3.531151	3.748254	0.589912
5.338747	2.178087	1.497430
2.338405	3.469063	0.194303
4.888152	3.130959	1.288975
3.549101	1.526718	0.407794
3.013059	1.966314	1.998504
1.484103	1.633818	1.646811
2.316831	4.454069	1.670723
2.209345	4.178576	2.475316
3.309810	1.242478	1.590892
2.017225	1.751700	1.601187
3.371451	1.814204	0.692999
0.856769	2.609129	0.043909
3.569394	2.768981	1.874653
2.798444	3.524677	1.558794
0.887724	1.920751	3.323054
2.406464	2.331174	0.864079
4.104455	1.831216	0.844335
1.490740	2.790544	1.220448
1.949317	-0.391833	1.373710
4.334681	2.053000	1.496165
2.960893	1.495931	1.137278
1.536965	1.052480	1.404327
1.824687	2.226862	0.800648
2.494178	2.552917	1.111367
0.958480	2.371320	1.917155
3.847011	5.512882	0.785849
3.141256	3.795719	1.562233
4.906905	3.071248	1.044494
4.688052	0.935417	2.356195
1.416106	2.960772	1.340207
1.592558	2.162944	0.006417
1.669295	1.291715	1.347115
1.769477	3.407323	2.207377
4.615956	4.747654	0.867047
3.339771	1.051760	2.068663
2.771226	2.919648	1.612270
2.959815	2.567175	0.398201
4.468284	3.063331	1.208358
2.805246	0.645072	1.160391
2.522657	4.379111	1.317648
2.955576	0.344409	0.549537
2.145357	6.093935	0.788974
2.474295	2.822416	0.836554
4.420910	2.814463	2.341240
3.191030	3.493675	0.537213
3.025149	4.146071	0.966937
2.037607	2.462643	1.880648
1.699966	1.032349	1.598108
3.644530	3.012100	0.582813
3.594160	4.878447	0.742235
2.453417	1.423813	1.804218
2.424193	2.194628	0.465168
0.461834	2.397925	1.342677
2.561309	2.673613	0.770097
1.628455	1.222464	1.353285
2.855514	5.243123	1.655637
4.046486	3.784352	1.323645
3.075409	2.840828	2.724416
0.595487	3.068018	0.703844
1.430722	3.185636	1.832928
3.996536	6.441710	1.628827
2.464621	0.832844	0.339459
2.462676	2.589856	1.364135
3.078844	2.976965	0.455659
2.466518	2.689833	1.462398
2.088098	3.615879	0.824415
0.391516	2.619254	1.734909
3.087900	4.140729	0.303287
2.001664	4.422444	1.246822
4.090024	3.045049	0.670232
2.025971	2.781511	1.528133
2.549853	3.590823	1.104387
2.276785	4.038065	0.727458
1.599242	1.482690	1.941905
3.216155	4.476673	0.524678
2.836521	2.935084	0.363590
4.789727	3.744653	1.169555
2.674018	2.482624	1.779157
3.844565	3.995141	1.673802
3.100434	2.172986	1.765848
2.555971	2.822977	1.822702
2.298594	1.898852	1.191930
2.665199	1.853685	0.723143
2.577379	0.480152	2.231387
1.980138	4.317995	0.539142
1.499571	3.092102	2.366865
1.582716	3.930943	2.204333
2.313180	2.596024	3.018299
2.454351	1.387888	1.985823
3.709300	4.564120	1.859693
2.039969	3.629045	1.603168
4.895522	2.890491	1.001849
1.808454	4.094082	1.387072
2.007478	2.269038	0.693350
4.038792	3.110059	1.372720
3.720402	1.835087	1.297843
4.580010	6.475822	0.952918
3.280508	2.996088	0.824333
3.121093	2.606262	0.690858
2.268584	2.149555	0.435570
2.007555	2.577066	1.553282
2.247182	2.706379	0.667621
2.127322	3.291614	1.815819
2.478793	2.667362	0.706487
4.314527	3.092081	0.798686
5.071980	4.107873	0.041656
2.148014	3.849583	0.977067
2.552520	0.106316	1.451933
2.395997	2.700989	2.110313
4.407202	1.922920	1.611381
2.274080	4.521167	0.296883
3.073849	2.794252	1.818210
1.643514	4.106514	1.145678
2.607769	2.078605	1.297080
2.357815	1.685528	3.704851
2.167464	3.434034	2.438496
3.519333	3.435674	1.766773
2.404500	2.708845	0.567094
2.393180	3.521102	0.481223
0.637837	2.382617	0.924045
1.512654	5.558238	1.050280
2.114797	1.036813	2.222916
2.885766	3.067036	0.567357
1.843071	2.207962	1.250448
1.700515	3.850272	1.339545
2.623787	2.302034	1.779896
1.692289	2.331107	0.162136
2.660628	3.358385	2.425400
2.560884	1.892889	0.503257
-0.003177	5.159543	0.839214
1.199399	0.770461	1.240943
2.783567	0.949778	1.252109
2.456610	3.048850	0.774874
6.425938	2.887512	0.789639
2.156925	2.448580	0.889520
0.650555	2.459097	1.147356
1.950218	3.183994	1.678150
4.342190	0.675846	1.451110
2.191555	0.799789	1.968761
1.896636	2.354973	1.038384
0.996219	4.095710	0.407601
2.921212	3.955027	1.680037
2.055181	2.429284	1.808334
3.994641	2.497280	1.425167
3.207957	2.259052	1.889356
3.116017	2.341297	0.977272
0.503578	2.990901	1.508126
2.971733	0.875219	2.305652
2.591493	1.927768	0.990752
5.492641	1.242669	2.188751
1.305783	4.043461	2.981020
2.266978	4.019043	0.846062
2.780391	2.301231	0.915987
1.327180	4.285300	1.202747
1.111550	4.404825	1.691700
3.318999	3.417238	1.296068
2.095852	1.819529	0.534052
2.862743	-0.655115	1.501532
3.427299	2.619476	0.913039
2.177184	3.290763	0.530835
1.437021	0.087007	1.040099
4.417606	3.816546	1.383693
0.726658	1.737024	0.755485
3.152325	4.116801	0.591022
5.363108	4.290789	0.908169
3.558967	1.736211	1.262345
2.924806	4.794496	0.943187
2.235609	2.382785	0.224850
2.541354	2.202602	1.097810
2.668964	2.743972	1.648288
5.975179	2.310608	1.185670
3.382201	2.808522	0.722336
3.039759	2.249942	1.223668
3.270820	3.228236	1.122687
1.466678	3.602375	0.210629
2.456875	2.030203	1.553936
1.689992	2.798200	0.605423
2.634916	2.870807	0.904836
2.790221	3.730302	1.004251
5.693913	3.047630	1.158399
1.831969	0.691469	0.936920
1.566088	4.482418	2.935710
3.431917	1.380017	0.561225
5.350634	2.826764	1.285973
4.404888	4.744225	2.286111
4.553401	3.937365	1.023834
3.552135	3.422785	0.944102
2.159033	3.344151	0.183365
3.271753	2.373217	1.204812
1.578039	3.216772	-0.012640
1.412067	3.077247	1.928446
0.681497	2.841039	0.362364
0.845598	2.515832	2.068190
2.904101	3.949376	2.187971
3.379595	3.383681	0.783202
1.280727	4.176730	0.892565
1.433958	4.313491	0.598056
3.330475	5.556818	0.198044
2.667355	2.017483	1.826020
1.107347	1.582105	2.068404
0.839548	4.130404	1.502771
3.814159	3.664440	1.427018
2.603655	5.473151	1.612647
2.532037	2.720917	0.961951
2.352148	2.594030	0.783018
3.030974	1.866503	0.910970
2.617110	3.817763	0.857399
2.092631	2.633482	2.474542
2.058672	2.986138	1.170706
1.726711	2.231293	0.288593
1.738295	4.011996	1.128257
2.829073	3.418551	0.617957
3.425387	2.937723	0.652675
3.609743	2.983055	0.411680
2.241326	3.752367	1.218221
2.953768	2.577091	0.480172
3.177673	1.234287	1.106924
2.647313	1.440588	0.566186
1.557160	3.084640	1.151894
-0.351320	4.302512	2.622884
3.557942	0.793760	0.721842
5.278348	5.174104	1.357888
2.219508	1.573511	0.024698
4.494934	2.587452	1.440516
2.561040	3.717290	1.032618
3.145084	2.258946	1.492696
1.240366	1.869457	0.274496
2.353153	1.513724	1.241066
1.377271	3.648386	1.485449
0.605325	1.620837	0.982843
4.344594	2.585438	1.726921
1.929277	2.150054	1.819243
2.065848	4.427811	1.719587
3.195353	2.531090	0.333553
2.186163	4.575328	0.423083
0.889695	2.442418	1.087987
2.535247	2.481577	0.966023
2.513350	1.588324	0.075520
3.340886	1.161793	1.373777
3.808567	2.912034	1.206167
1.951966	1.794363	0.536340
3.773724	2.217765	1.008060
1.232751	4.261756	1.923548
1.645264	2.886621	2.390165
3.540684	3.827459	0.704648
4.130852	1.998060	1.612447
2.408438	2.840186	1.224742
3.021235	4.546348	1.900708
2.473617	2.834803	1.560111
0.917008	3.134857	1.520715
2.274610	3.742124	1.981533
2.189347	2.259362	1.605083
1.343817	0.826257	1.053745
4.260987	2.629684	2.214680
2.804335	1.587705	2.493504
3.275524	4.601001	0.937892
1.597573	1.728593	1.517365
1.667472	2.966061	0.955199
2.567107	2.538394	1.555715
3.698730	2.142052	0.466276
1.838673	2.500099	1.647142
0.777607	3.834885	1.467071
2.497963	2.161962	0.922296
2.207092	4.091995	0.505812
3.278148	3.245225	0.547466
3.290946	3.363370	1.427629
3.009079	2.753442	1.178856
4.282998	1.460913	2.637022
2.471106	2.720248	0.894766
2.211148	1.113810	0.503475
2.113499	2.014105	1.403524
4.613055	2.785823	1.322134
3.673642	5.389795	1.021057
3.002240	3.168352	2.184678
2.040619	5.384006	1.579573
1.080372	3.770977	0.928019
4.978510	3.346738	1.944255
1.917163	2.080097	2.226761
1.601045	0.623479	1.026120
2.530327	2.566634	0.385442
3.905482	4.485851	1.162095
2.441402	2.027300	1.201820
2.515116	2.692951	2.584384
2.469539	4.401636	0.028864
1.468768	2.331358	1.045288
3.106388	2.519831	2.099421
3.980542	3.814151	0.672113
1.681110	3.244882	1.586610
1.695391	2.044010	2.026181
2.259802	4.516513	2.873658
4.089079	2.972907	2.913405
3.181186	2.768619	1.043384
1.230107	2.825835	2.146205
2.326840	4.696834	1.244004
2.566941	1.587335	1.583038
2.354453	2.225491	0.798013
2.076491	2.419120	1.313100
2.016956	4.155819	0.796394
3.814295	4.842591	1.079769
0.628803	2.229632	2.358362
2.887752	0.784472	2.543494
1.524108	2.770284	1.324047
1.951026	3.010380	1.857319
1.019172	2.447661	1.787613
2.551910	3.012242	1.698668
2.846894	3.466289	1.121407
1.992893	3.144143	2.312615
1.600007	2.675726	1.856378
1.478821	4.278509	1.295322
2.126506	4.276732	1.392132
2.982646	1.937205	0.939668
2.916217	3.309718	0.517397
2.322419	2.574029	1.319973
2.033397	3.028924	0.855470
2.901688	2.305421	1.578237
1.452774	4.545565	0.524001
3.304533	2.811372	0.826114
3.667520	1.021421	3.369163
0.422929	5.161152	0.621943
2.629551	2.942757	1.780231
4.054292	5.726132	0.742422
3.269095	1.745472	2.494438
0.791586	4.265443	2.192467
3.581705	3.690073	0.610809
2.221969	2.863285	1.405534
1.676655	3.162782	1.217596
3.382657	2.347833	1.728826
3.884991	2.614852	0.744445
2.891873	1.714128	0.466302
2.895436	2.189299	1.637754
2.874633	4.760595	2.604990
2.689520	1.918974	1.544821
3.329113	3.482146	1.191309
4.458602	3.304762	0.638520
1.995978	3.924769	0.606505
2.272322	3.096301	0.842905
1.618676	2.853078	0.877030
2.673885	2.845982	0.185250
1.990024	4.015050	0.543414
1.476528	1.609206	1.765139
3.109536	3.741300	0.714299
1.092396	0.670445	1.718277
1.530384	2.371701	0.986559
3.909785	2.816707	0.992897
2.511184	2.648586	1.355606
2.514582	1.611349	1.460167
1.127431	1.151802	1.185544
4.879852	4.031978	2.443185
2.528798	3.608267	1.990070
2.015138	3.575180	0.750673
2.728337	2.209379	1.386607
3.079820	3.165023	1.136317
4.309332	2.715507	2.039605
2.865516	3.960665	2.035039
5.482188	5.398260	0.990240
2.619645	3.152726	1.138418
2.199265	1.243871	2.023088
3.370998	1.782093	2.367268
2.230300	3.804418	0.123475
2.162675	2.409254	1.542747
1.851880	3.705327	1.212092
1.723456	2.296949	1.427964
0.608271	2.976167	0.115678
2.273376	3.861875	1.313933
1.225368	4.657220	0.520738
0.616868	2.889387	0.399905
2.515488	3.683195	1.055542
2.557755	4.735687	0.610236
3.724699	2.813270	2.441688
1.575373	3.060717	1.613203
2.331737	5.421052	0.686624
2.517247	1.970387	1.612133
2.543794	1.093798	0.790862
1.932571	2.604191	1.034086
2.882520	1.804473	1.253579
1.520500	4.388296	2.199207
2.386539	4.037565	1.030754
2.044034	2.445549	0.876233
2.614534	5.097066	0.764169
3.055335	2.333731	1.023945
3.498153	2.544226	2.370657
2.684629	3.510959	0.814827
2.006574	2.840462	0.611566
4.560106	4.105582	2.397762
2.953426	2.275679	1.182475
1.975250	2.177012	1.634302
4.300586	5.494278	0.699559
1.742886	3.405224	2.984103
2.762459	4.421299	1.782515
2.782801	2.972617	0.807804
1.858314	3.409041	1.265293
2.256999	3.264822	0.482645
2.324029	2.127508	0.552588
1.569985	3.617034	0.410793
2.686827	5.144905	0.780390
1.367655	3.750358	-0.046830
2.549089	4.599758	1.287154
3.243869	3.389626	1.139317
2.551887	2.156255	1.477785
2.982532	1.341237	0.653926
1.170088	3.512438	1.731700
0.637876	2.180426	0.950094
1.485961	2.517035	0.372022
2.843000	4.181466	1.286092
5.064687	1.897256	1.456877
1.934038	7.863060	-0.000750
2.364984	1.941347	1.261238
1.852619	2.255860	1.056601
2.207989	2.718756	1.405391
2.378573	3.559093	0.394909
2.022319	2.869331	0.935230
3.882412	2.996582	1.794414
0.685546	3.188213	2.816123
0.638182	2.324429	1.634743
3.057936	4.254935	1.547593
2.734460	3.810469	0.557080
2.941393	2.388999	0.820781
5.092758	4.791111	1.003156
1.349718	0.918403	0.301522
1.934931	3.691869	2.261920
2.448739	0.275980	0.434769
3.422968	2.497598	1.970676
-0.015667	2.524166	1.271055
1.386632	0.797344	0.919242
4.004508	1.730877	2.735662
1.732715	1.819417	-0.073740
2.642463	5.119573	1.419350
1.203813	2.631836	0.607423
2.520862	2.348940	1.288003
2.077114	3.713400	1.482540
2.302013	2.161357	1.815555
2.756105	2.875432	0.659762
2.643152	3.703873	1.254119
4.337554	-0.228206	1.533295
2.232609	1.635212	1.036442
2.014630	4.057041	2.340786
5.540600	3.744715	1.535158
3.998822	2.326065	0.609740
3.798530	4.096850	1.686705
3.909753	3.677237	0.421690
2.685361	4.692279	0.989447
3.447039	1.890480	1.575042
1.792012	2.326371	2.614548
2.732827	1.864977	1.516606
2.364881	2.368141	1.102222
1.455327	3.535885	1.156770
3.973094	4.237719	1.488321
2.547429	2.973141	0.886797
1.871557	2.914633	2.397578
2.569632	5.343947	2.087719
5.370138	3.378294	0.984590
2.594230	5.041881	1.285940
1.632687	4.367565	1.514311
1.312856	2.326171	1.203490
0.865204	3.114076	3.723026
2.649929	2.326220	1.811897
1.470861	4.654467	1.743898
2.266396	2.079246	2.493604
4.754126	2.211524	0.809084
5.449470	1.618811	0.606828
3.149383	3.002291	2.711862
2.342163	3.292516	1.018755
2.047282	1.082645	0.556978
5.952988	2.022172	1.623963
2.957914	3.201957	0.887912
4.171488	1.791409	1.638903
3.915741	3.013679	0.163376
2.858651	3.210702	2.240337
4.082262	1.769938	0.904164
2.815256	1.971371	2.172695
0.463694	0.644719	0.368792
1.385364	2.209868	0.458539
5.030245	3.838066	1.411922
4.463680	2.235506	2.149487
2.707460	5.767384	0.331862
1.304141	3.547487	0.722979
4.412425	4.990958	0.938403
4.201540	3.255438	0.596648
3.003453	3.758075	1.178323
2.933346	1.901752	1.445521
3.192348	3.353098	0.787065
2.708925	5.095670	2.310623
2.134615	3.707822	0.671492
3.707279	4.026653	2.509239
1.434900	2.859078	0.399200
4.358474	0.681446	1.628049
2.433576	5.273724	1.341363
2.284679	3.971865	0.870113
4.190110	3.934089	1.040942
3.199890	3.110245	1.066440
2.967586	5.523123	1.765197
2.569657	2.146846	0.089548
4.818456	1.657078	2.149450
1.785279	2.269986	0.789863
2.358538	2.745361	2.649221
3.409010	2.589166	1.484321
3.453410	4.037017	1.323067
1.746489	4.011247	1.963409
3.666760	0.886876	0.586794
2.693481	2.392310	2.949504
3.703065	2.380073	0.940754
1.633196	2.964220	0.281115
1.503028	4.019502	1.899623
1.591388	2.978992	0.769934
4.340391	4.318234	1.022773
2.877839	2.846907	1.892987
4.285661	3.188984	1.295943
1.554737	4.825926	0.310316
1.999391	3.072452	1.376841
1.422421	5.355355	0.615534
3.163342	0.943975	1.870498
2.638981	2.374294	0.573583
1.760273	3.176524	1.995202
1.619207	3.913759	1.950138
3.104654	3.421710	0.886537
2.380495	3.159818	1.478831
3.191386	3.545901	1.746812
1.088126	1.711614	1.829065
2.345133	1.474861	0.921826
2.886403	5.631847	0.418861
4.016859	3.887551	1.256722
3.440483	5.658355	0.360491
3.243864	4.110763	1.442023
1.057194	4.599383	1.597004
2.798497	2.904259	0.057585
2.072362	2.810023	1.336230
4.753810	2.471641	1.727608
1.888321	1.728453	0.713987
3.958722	2.140390	1.771427
1.993469	1.117844	0.550244
3.695293	2.834372	1.086249
1.446237	3.209420	0.634123
2.949132	3.034609	1.352179
2.850093	2.542548	0.665943
1.123144	4.138210	1.045174
0.691754	3.553844	1.183252
3.317128	2.736188	0.796911
2.753423	2.667437	1.500665
2.765495	4.191507	1.670481
1.607874	3.808758	1.392077
4.501638	3.317478	1.689555
2.921219	4.763233	1.511148
3.832608	2.731530	1.489585
2.917612	3.537436	0.887084
2.267238	3.227989	1.501283
3.687402	2.551919	0.768440
2.178007	2.649499	1.179285
1.432450	2.180593	1.212896
1.676420	2.499477	2.052110
3.559760	3.953714	0.801304
2.702907	3.547764	1.754476
2.907733	0.406561	1.311261
1.377320	3.913517	0.847987
3.584334	4.002730	2.030975
3.111063	0.505166	2.374201
1.508623	1.949391	0.483911
3.331645	2.571155	1.751082
4.499441	4.761166	1.991972
4.073698	1.900184	2.171875
2.890891	2.426971	1.547976
3.000659	2.033264	0.843245
3.626156	2.055682	1.656213
0.697252	4.533781	2.867556
3.126746	1.717048	0.943029
2.461502	1.923143	1.166107
2.646316	3.302781	0.408389
4.690500	2.753729	2.410527
2.405253	4.294405	0.887083
0.474542	2.101281	2.283970
2.188859	3.506258	2.966224
1.660907	1.748224	0.573286
3.244260	1.909503	0.591243
3.155881	4.881144	2.180817
3.505852	2.746751	1.265280
2.278872	3.407488	1.508876
3.369157	3.090719	0.991640
3.855482	1.020152	1.886197
0.709989	2.787813	0.631484
2.720741	3.086079	1.012772
2.856898	2.072671	0.639902
2.819518	2.498121	1.755559
6.878566	2.886242	1.215381
0.923332	5.184618	2.018488
1.943536	1.525263	0.636006
4.543687	2.845837	2.224434
4.341072	3.233060	0.499088
2.413411	2.313114	1.644431
1.990743	4.930640	1.156104
2.603788	3.812915	0.617993
3.578275	1.744616	1.484646
1.053562	3.148003	0.918770
4.503508	1.614027	1.059225
3.204710	1.349261	0.685393
1.844303	2.767937	1.402984
0.940388	2.481977	1.916470
1.563300	3.725711	2.332482
2.458059	4.127327	0.777566
3.265419	1.137620	1.458809
0.913040	0.590990	2.012057
3.336254	5.057731	0.665638
3.118762	5.006456	0.517024
5.053010	2.377997	0.991845
4.031848	2.910852	0.188643
2.135421	2.749689	2.249590
2.462682	3.793643	0.494887
1.902025	4.880308	0.768684
3.274744	3.411556	1.815267
4.773573	4.544871	0.408832
3.816702	3.695261	0.770051
3.026943	4.354283	0.355277
2.654566	2.124431	0.332554
-0.005713	4.633582	0.812253
4.818026	1.338881	2.749322
3.305686	2.290168	1.282605
2.236818	3.810761	1.231125
1.550302	1.809423	0.789025
4.625318	2.825332	0.821737
5.615680	0.901297	0.437778
0.969536	1.904467	0.681094
1.918539	1.096713	1.046675
3.046226	2.934594	0.918893
1.501857	1.681401	1.728999
1.713219	1.602137	0.570808
-0.495558	3.477542	1.027138
2.166519	2.606225	1.233874
1.527016	4.767116	0.428507
5.307931	1.999098	0.617768
4.179666	2.866650	1.252657
2.678962	2.155877	1.122080
2.548461	4.379509	0.631894
1.388111	2.669992	1.193254
3.649000	4.180458	0.598369
1.277414	2.317408	1.178071
3.128008	4.555336	0.794383
3.375135	3.461143	1.828786
3.247148	3.411356	1.230443
4.377706	2.078189	0.710927
2.693010	1.782037	1.673947
1.306776	2.824957	1.722911
1.843395	2.442314	1.073753
4.419524	4.871925	0.970815
5.086449	4.965183	0.922204
5.283320	2.936530	1.052162
1.496979	1.799529	0.457681
4.175964	3.061952	1.207597
3.536584	1.950929	2.956533
3.035072	2.883759	2.092112
1.479254	3.308566	0.824225
4.302188	0.439637	0.659578
1.322380	3.810732	1.003291
4.140365	2.412129	1.903432
0.401759	4.718309	0.949086
2.224509	2.138754	1.952090
2.990949	1.833567	1.193557
1.523870	1.970640	0.919693
4.683721	5.269844	0.404191
3.271969	0.313567	0.923792
3.276011	3.629040	1.131383
1.121867	3.310452	1.654248
3.451492	3.683239	0.159552
2.648539	2.513265	2.773328
4.382500	2.559452	2.457677
4.019713	4.169781	0.690128
3.468215	4.782817	0.395678
1.466649	2.549986	0.841789
2.274410	3.543846	0.416303
2.863233	3.328974	0.099414
1.229963	0.903092	0.808348
2.981377	1.782787	0.927529
4.721835	1.028232	1.117777
4.392246	3.796637	0.848883
2.499185	4.183059	3.034156
3.348418	2.024997	1.166463
2.477576	0.642871	1.073150
3.464190	2.644858	1.768677
0.422775	1.581794	1.852550
5.037205	4.936563	0.740065
2.420426	2.185846	0.837156
0.979250	3.914615	0.861588
2.849468	2.603832	1.341502
2.014901	4.567435	0.421147
3.044318	1.603416	0.751307
1.383390	1.689717	0.176394
2.974934	1.810215	1.714516
4.018092	2.395463	1.580415
1.150334	1.306503	1.370517
2.216028	0.677876	1.660888
2.339879	1.396549	0.464047
3.914471	3.139875	1.823013
4.973126	2.726159	0.741320
-0.804918	4.749217	1.797946
2.901923	3.788289	3.069577
2.152021	2.457152	2.910804
2.845107	3.257538	1.351698
0.732201	5.268692	1.469642
3.559412	3.504701	1.116290
4.085274	3.773031	0.753238
1.895077	4.499739	1.300757
3.252216	1.860714	0.953354
4.466021	2.711316	0.533227
2.869326	3.099650	1.327395
3.768498	2.224805	2.807416
2.764962	4.515726	1.762660
2.223953	3.883042	0.150031
4.414230	3.764973	0.751273
1.426070	2.045427	0.914177
3.089579	3.507606	0.512683
3.587612	5.593469	0.511108
1.960764	2.910703	1.016532
0.436890	4.392792	0.753374
1.601148	3.557137	0.812708
3.352030	5.818919	0.482397
4.360464	2.572696	1.859990
2.853623	2.088897	1.208164
2.991076	2.758917	0.504563
2.562628	1.601634	0.773519
2.970491	3.989076	0.738086
1.047064	1.811407	3.620409
2.824852	0.183220	0.679525
5.382344	1.788889	1.579941
1.461912	2.292658	1.081753
2.791110	2.092233	0.278174
3.380414	2.899707	1.037174
1.562758	2.373114	0.260805
1.236522	1.246659	3.093006
3.066358	2.409315	0.397179
4.624713	3.085108	0.848583
1.047177	1.627983	0.991770
4.834158	2.423486	1.510425
3.731194	2.560214	0.604998
2.023745	4.343337	0.443814
1.695565	4.304238	0.398358
2.407038	4.054468	1.360765
6.032432	2.529387	1.851681
1.852858	3.165808	0.815763
1.317996	4.939759	0.643651
4.230625	1.801056	0.445771
0.898563	1.607307	0.881809
1.380093	3.301761	0.331593
5.528838	3.290126	2.943958
2.163808	3.410998	2.545684
1.530222	4.316650	0.947772
3.115232	3.927837	0.569714
1.839711	2.331403	1.081715
4.812613	4.732215	0.835401
1.791900	3.936542	1.852842
1.687928	4.617194	1.639335
2.183693	3.143505	0.599052
3.591853	6.126364	0.852958
2.892892	2.381933	0.654545
3.039507	3.740689	0.721859
2.466783	1.686281	1.348980
2.059201	4.057799	1.377995
0.717806	2.702345	1.631792
5.228090	2.406504	1.000908
5.031081	1.087704	0.196452
1.438632	0.185366	0.819630
4.833060	2.239219	0.137215
0.413079	2.265697	0.671491
1.107910	2.274258	1.178420
3.173598	3.304921	1.497916
3.115463	2.525291	0.521033
1.818405	0.988302	1.311838
0.608806	2.562617	1.193689
2.484640	2.473663	0.908887
0.649740	3.241680	1.197275
4.432235	2.862424	0.771430
1.820469	2.439506	0.876198
1.295620	1.597321	2.572414
2.851414	4.188386	0.535161
2.252902	0.631482	1.402954
2.753349	5.480859	0.688836
2.156102	2.786585	1.084642
2.138313	2.981354	2.645536
2.420623	3.521502	2.801707
1.742419	3.410150	1.537601
2.589021	4.866134	0.596609
2.809479	4.664409	0.718853
2.508624	2.329260	0.802465
3.306533	1.728591	2.750730
3.224836	2.171570	0.276454
2.763709	3.355202	0.443281
3.983549	2.662860	1.936591
3.261207	4.668318	1.204973
2.017623	4.607803	1.475965
1.823758	3.109194	1.768520
5.935344	3.929458	1.795440
2.655752	4.188500	0.972529
2.176028	2.413585	1.242015
1.662095	3.223881	3.716546
4.520909	1.932111	1.607352
3.735340	5.150988	2.285997
4.965355	1.598516	2.537085
5.238406	1.603138	2.114495
-0.544740	2.975505	1.933674
3.963201	3.897448	1.013579
4.276942	1.958271	2.210685
2.886450	3.212409	0.188169
1.886344	3.562002	2.065024
1.873964	3.627237	1.785488
2.784034	4.558492	1.685797
0.759366	1.851877	0.931024
2.244632	0.515956	1.253338
-0.188085	0.524592	0.636955
2.107911	2.679948	1.907357
3.552899	2.763598	0.620286
2.699516	2.459740	0.992560
3.114816	3.713172	1.583908
2.902630	3.639614	0.781479
2.209354	1.173209	1.177704
3.634946	2.294185	0.744593
3.623206	4.066599	0.306001
2.547025	0.747608	0.810650
4.333720	3.077116	0.303116
4.248389	2.386026	2.924795
2.128565	2.692808	1.904300
3.736921	2.233007	2.129440
3.282560	2.927065	1.169891
2.897819	2.543357	1.179690
3.323031	2.491116	0.930916
4.624886	3.985589	1.682757
3.162443	0.558420	0.340352
4.208427	2.163363	2.188241
1.421319	2.137904	0.608258
1.532165	3.006803	1.259352
4.015994	4.789481	1.023054
5.678778	0.946388	1.395221
2.083362	1.868370	1.862481
3.992305	2.279450	0.552273
2.589516	3.760423	1.027236
1.039732	2.705257	0.531098
3.397266	2.342295	0.642051
0.686357	1.597737	1.482232
2.325105	3.200113	0.897476
2.562105	2.262939	0.832523
3.339313	3.414152	0.757051
2.609401	2.326853	2.057715
3.908940	2.530043	0.616959
3.811027	3.534999	2.384653
2.680042	3.306108	1.581033
0.468979	3.180635	1.164471
2.455587	3.041565	0.906456
2.583213	2.329011	1.472761
3.623738	3.237752	0.603508
1.110614	4.570221	0.435097
1.386414	4.081115	1.424075
3.886932	1.393705	-0.001237
3.506947	2.284052	1.199680
3.120640	5.196286	1.497434
1.305281	2.632120	1.495999
4.293655	2.612461	0.831759
1.464220	3.315618	1.166914
4.167333	2.107159	2.533975
4.224747	1.123385	1.288713
1.078973	2.471896	2.292593
3.289019	3.913798	1.183350
1.217984	4.643166	1.061596
2.823158	1.944954	0.424226
1.172393	3.930945	0.732757
3.689563	3.042627	1.041349
1.611587	0.758373	0.594642
3.929491	4.250221	1.599108
2.702077	4.773593	2.593977
2.886311	2.362756	0.719061
2.955132	2.004329	0.777342
1.404352	3.925929	1.384908
3.581335	1.226262	1.369348
1.279523	2.054950	0.888327
1.857565	3.571787	1.401032
2.692855	4.397888	1.466629
2.988983	2.671809	1.065249
0.559758	3.215347	1.613662
0.689672	1.843045	0.612230
1.846101	2.389887	0.174721
1.192362	1.774723	1.348460
3.545905	3.643148	1.297140
3.932500	2.510147	1.552141
3.739707	3.660611	3.697594
1.022273	3.966754	0.789054
3.702345	1.611040	2.101957
5.825264	4.557716	1.405959
4.893884	3.094504	2.929715
1.408246	4.283045	1.452590
1.511850	3.443689	0.507079
4.019533	-0.796253	1.421724
2.805803	6.145770	2.562512
0.338958	2.446108	1.791584
0.452885	1.605859	1.406833
0.517245	3.191451	1.292169
4.471047	2.909739	1.993557
1.616799	2.268726	1.904745
2.939500	1.921291	1.167236
1.071205	2.713048	2.246313
1.455292	3.493870	2.183142
3.698697	6.117100	0.418651
3.011874	3.775167	1.729931
1.800683	2.826177	0.848627
4.052462	2.668407	1.047950
2.720242	4.467571	1.260012
2.344510	4.800505	1.681579
3.270332	2.955398	0.236601
1.926992	3.009126	0.951348
2.168049	2.969409	1.194773
2.527992	4.160171	0.819030
2.605052	5.445429	1.454317
3.271658	1.965425	0.998258
2.746114	4.293445	1.046645
3.817108	3.200138	1.065944
3.012998	3.408646	0.849040
1.322127	4.228888	0.905524
1.142144	1.708802	1.721995
2.700530	2.616168	1.674365
3.515773	4.244188	0.505013
2.792022	1.649359	0.975503
2.669216	2.936986	1.227226
2.622187	2.483954	0.468136
3.215099	2.584127	1.286184
3.112025	3.955257	0.621246
1.865405	2.073410	0.416322
3.164003	1.414680	1.264373
3.862831	3.013155	1.159859
2.285242	3.655219	2.400118
2.883955	2.506518	0.738006
3.278616	2.193134	1.679170
3.423592	1.705652	2.052420
2.910649	2.606552	2.428267
1.197805	2.756643	0.700290
3.311803	0.957274	3.286883
0.314968	2.817283	0.683203
6.188068	3.385218	1.519708
1.904866	3.581870	2.061419
3.307224	4.525895	0.669300
3.083898	3.385902	1.421939
4.821907	2.022495	1.751735
1.067807	1.978865	3.701194
3.855431	2.542787	1.139358
2.254541	1.334215	1.622257
2.033801	2.989093	0.198630
2.892562	2.041339	0.846604
1.871463	4.812733	0.996399
2.725267	3.538407	0.564653
6.049614	2.393911	0.731346
3.620510	3.051160	1.343611
1.681342	2.729050	1.037949
2.422196	6.332759	2.269777
3.849799	4.388328	0.248990
4.521920	1.612126	0.506518
0.851176	3.296418	0.271825
4.023068	3.345498	0.467536
2.478852	2.659096	0.686367
1.506454	1.847375	1.307132
0.855455	1.676344	1.613151
1.873992	4.717463	1.075849
2.150426	2.755626	0.800849
2.788752	3.598859	0.776392
1.365185	4.271032	2.297606
1.528947	2.052187	1.658510
2.379095	3.260145	1.194636
4.157240	4.705965	0.365071
4.197508	2.004989	0.744588
3.949408	4.222388	1.704441
0.004097	2.735443	1.101399
3.002037	2.857804	2.334914
1.445592	4.614175	0.669513
2.511040	2.638405	1.607205
1.527408	1.887639	2.619709
1.502159	3.578975	0.986428
2.904634	2.315324	1.228278
2.960500	2.695776	1.282070
2.634491	2.729764	1.619920
3.102294	3.359582	1.050453
2.821050	3.755808	1.171424
3.344619	2.595718	1.611593
3.222866	3.730171	0.756152
2.512422	2.551178	0.750502
1.768862	3.327646	1.588212
1.699658	4.541755	2.580344
1.498400	3.978068	1.308502
3.256745	1.423263	1.642504
2.589176	2.227624	0.987263
3.408120	1.922456	1.277909
3.679581	3.164100	0.714887
1.211499	1.902963	0.800262
3.104947	4.544511	1.721663
3.626277	1.455603	1.413930
3.454036	3.840676	1.612439
5.708071	2.790209	1.045144
2.631164	3.016888	2.212775
4.198547	1.925126	2.030417
4.001903	2.304974	2.157356
3.457892	3.590408	1.002940
1.887772	1.347577	2.291060
2.310189	3.647260	0.309324
3.477074	3.615965	0.624064
5.402160	2.032807	2.542710
1.875714	1.540186	1.015752
3.464348	2.521752	0.371510
0.546396	3.242598	0.661763
2.932567	2.826784	1.459377
3.775317	1.279764	2.626426
4.041032	3.456311	1.675412
0.964504	2.992923	1.331212
2.806720	1.997378	0.604293
3.226993	5.017111	1.279668
1.755631	3.514126	1.234979
2.869458	4.161948	0.717114
3.528383	1.719940	1.160645
3.304182	1.791287	0.787368
4.208861	3.060769	2.221436
1.981218	3.608652	1.661901
2.390811	2.734313	1.348282
1.891044	0.746185	0.494759
3.304832	1.046248	1.473821
1.767376	3.519413	1.758526
2.659053	3.188582	1.346638
1.304935	2.581849	0.319176
2.819724	1.858233	1.126641
4.086363	1.862576	0.862276
4.156258	2.798633	1.467610
0.914677	1.635719	1.579730
2.576079	3.532776	1.784796
5.420710	3.153862	2.077594
1.345032	4.001019	1.271632
1.732264	2.892192	0.526834
1.896083	0.410430	2.081292
4.088541	2.728300	1.747236
2.694626	3.496701	1.581479
4.278847	3.864097	0.697154
2.503002	3.555447	1.634055
2.315739	2.536114	1.457762
2.544864	2.056050	0.720267
2.421174	3.440522	0.357395
3.208719	2.937324	1.175108
1.167072	4.475111	0.407208
3.546281	2.403852	0.393626
2.855509	2.740135	1.343526
3.467153	2.022874	1.108494
5.239445	3.842649	1.130399
3.125434	2.873937	1.089720
1.086120	4.060722	0.616220
1.122483	4.075167	1.491906
1.627873	1.095542	1.893837
2.641100	4.419361	0.218979
1.577836	4.918842	0.664433
3.056741	3.825734	1.017227
1.964376	2.134103	1.129194
3.113184	4.818299	0.748403
1.987154	2.438621	0.429389
3.060642	3.893629	4.144151
1.301423	5.245168	0.574521
2.442280	1.220056	0.638092
1.938368	3.731602	1.319197
4.201814	1.407153	1.936240
-0.645532	1.190447	2.071260
3.530416	1.017012	0.856310
3.897254	4.457771	1.668754
3.368347	1.873635	1.137827
2.455261	3.733305	1.568530
3.144324	4.239659	0.892923
2.139898	1.438988	1.420140
0.922719	0.822709	1.015574
2.596279	2.718758	1.649810
2.675920	2.355529	2.106473
1.986343	3.737203	0.986168
-0.063064	2.038085	1.005957
3.186490	1.599162	1.646556
3.070843	2.039689	1.461006
3.538362	3.074921	1.625593
1.122152	3.894334	0.850124
2.445920	3.756439	0.833273
2.868965	1.430513	0.039437
4.127994	1.514057	1.263642
2.172844	3.457409	1.026465
0.572079	3.939669	0.488565
1.249116	2.454001	0.679385
3.764401	2.458294	0.316756
3.189176	1.079031	0.693260
4.378432	3.307242	1.584653
3.772148	1.092407	1.244917
1.303491	2.589149	0.435045
1.039174	0.835239	1.449356
2.014536	3.280910	2.590245
7.278571	3.048675	1.305499
4.567497	2.947019	0.883814
4.143392	2.353862	2.464120
5.083123	1.814409	1.015451
1.850026	3.955849	1.313987
2.607473	2.491006	1.010832
3.696415	2.950623	2.462091
2.586984	3.276699	1.678206
0.732467	1.088095	0.686188
3.835585	2.187646	1.044836
2.493754	4.934926	1.470332
2.543346	2.747893	1.225882
3.625685	2.282082	0.489409
3.963222	4.860803	0.508531
4.653367	2.171588	0.679460
4.143672	3.054092	0.868861
1.182097	-0.096176	0.776789
1.762170	3.350817	0.899110
2.837348	2.929103	1.153454
2.584858	2.848808	0.975608
5.284074	1.063710	0.517187
3.735606	2.012698	1.407370
1.642805	4.411477	0.880040
1.558411	2.360482	0.396291
4.794348	4.005692	1.650737
1.945030	2.553152	1.089914
1.290077	4.560774	0.195335
3.752487	3.186602	0.636432
3.516516	1.725475	0.982963
0.852088	3.060540	1.249124
4.603981	4.107047	1.721824
2.419021	2.153249	-0.392498
2.376814	3.170744	0.736377
2.329702	2.937313	1.579075
3.554158	2.248997	2.372163
4.170269	3.759707	0.422408
0.596617	1.984646	1.530660
0.375657	2.303321	0.435137
2.928601	3.334855	1.074705
2.126574	3.465282	1.647482
4.156387	3.308634	1.735057
3.540124	4.568289	1.271090
3.868391	2.905180	0.899490
2.127612	1.776572	0.509322
4.807362	3.401526	1.346729
1.918532	1.191779	1.284078
1.751263	2.358622	1.157509
1.990874	3.192618	0.940447
3.317063	3.554525	0.920040
2.936121	0.058156	0.670111
0.864707	1.703543	-0.062943
2.723654	3.339828	2.179999
2.129538	3.800313	1.641754
1.614894	1.558939	0.669481
1.245550	5.709920	0.573036
1.592635	3.829185	1.247450
0.925982	3.918929	0.966403
2.749041	3.328775	2.119458
3.095210	3.628800	0.384645
3.209067	1.900903	0.938852
1.742412	2.549224	1.163355
3.084428	2.433345	0.719233
3.491292	3.117837	0.674547
2.401318	0.903384	0.597231
2.086119	5.091357	0.753965
3.014066	2.232540	0.742931
2.915717	3.176644	1.129787
1.760934	3.735384	2.158730
2.895698	1.400091	1.468797
3.256366	2.508464	1.081877
2.220870	1.484031	0.534998
3.334591	2.821362	1.788590
3.073757	1.949018	1.781831
1.734597	1.753563	1.175577
3.075635	2.183580	1.156490
2.196887	1.981573	0.756686
3.124092	0.917637	2.657595
2.647033	5.077612	0.895866
3.999629	1.883347	0.727289
3.184062	3.360679	1.734801
4.256331	-0.012138	1.909092
3.864154	3.214775	0.501462
1.656771	2.073838	1.716213
1.210103	1.885882	0.629288
1.452293	3.216261	1.744018
4.185913	2.692112	0.975494
3.899723	2.341894	0.554214
2.091138	2.918965	1.391300
3.298481	3.839488	1.114365
4.053514	2.375891	3.370863
1.165315	2.180559	1.310871
5.972335	3.513238	2.050597
2.963455	2.538658	1.155186
2.386382	2.543995	0.464508
3.952357	1.993240	0.656143
5.118451	2.364957	0.566617
5.730227	3.512131	1.222992
1.815674	3.154590	0.641197
3.111641	2.401029	1.421648
3.390991	1.987056	1.612969
4.575029	5.317286	1.635573
4.249436	2.850751	0.792104
1.997247	1.720836	1.824218
3.935721	4.940242	0.856354
3.378761	2.700086	0.585831
0.642103	1.166451	1.602254
2.457634	2.372791	0.924049
2.467218	2.845148	1.676056
3.413660	2.158528	1.672689
2.190969	1.822529	2.576319
2.088295	3.711399	0.966465
2.395891	6.307904	0.581981
3.134685	5.176627	2.162603
0.996125	-0.903431	1.235893
2.642992	3.147864	0.533441
2.277215	3.114956	0.340389
1.275974	3.675814	0.338936
3.136193	1.560302	1.467822
2.046364	3.179716	1.303224
2.420865	1.338888	3.130046
3.715258	2.760806	2.602688
2.505745	1.409211	2.190715
4.328258	1.732680	2.402470
2.299874	2.972050	0.515550
4.010280	2.134283	1.032262
4.125527	3.252302	1.021467
4.642989	3.797567	1.857781
2.396851	1.899160	0.528708
2.249047	3.987281	1.114760
2.587267	3.793103	1.117279
2.867668	3.959512	0.697068
2.956976	3.594410	0.902705
1.585893	2.225096	1.425952
2.980245	3.835422	0.817390
1.938795	3.499921	2.872605
2.508442	1.276994	1.895687
2.964484	1.301508	0.624164
2.948136	0.654383	0.519023
1.842513	2.606908	0.616166
0.872701	3.063352	0.399617
3.943522	1.770755	0.549906
2.260089	6.051808	0.600845
1.471953	5.612002	0.852537
2.333094	3.746753	0.749605
3.691482	2.014902	0.789951
3.031026	3.384597	1.578583
1.924105	2.086284	0.942877
3.039956	2.763222	0.491968
1.321052	2.230079	0.562696
-1.643032	2.165727	0.935015
3.623834	0.999973	0.622276
1.936855	5.930799	0.184447
3.661258	3.856794	2.550664
1.526893	3.538582	1.725401
1.339560	4.177533	0.853741
4.993062	3.725971	1.064605
3.164797	3.329920	0.738529
2.952941	4.559025	1.013037
2.276233	4.117367	1.478276
5.905292	2.618559	0.184022
2.691084	1.595185	1.067716
2.740257	2.846638	1.026762
2.457986	3.792096	1.402685
4.754009	-0.386723	1.872509
2.093677	2.587532	0.818414
3.856913	4.284416	1.869135
4.059560	3.759856	1.098427
2.220043	3.782792	0.545335
2.616928	1.446694	1.590752
4.613584	3.442838	0.652903
3.349129	2.044548	0.562214
2.910353	4.278233	0.363432
2.334805	1.791649	0.458636
3.979323	1.464103	1.162496
0.842201	2.118281	0.986398
2.098142	1.512750	1.267609
5.217053	5.267532	0.888305
3.319897	2.884195	1.010881
2.483747	2.309281	0.569636
6.164482	2.437147	1.639052
2.131156	4.217708	0.796437
2.326416	4.172753	0.590440
2.189276	5.065397	0.823942
3.717744	4.589794	0.708287
1.690575	2.416961	1.616886
4.347770	2.704306	2.309149
3.532128	6.898414	0.346929
0.606055	2.220444	0.626289
2.642057	0.841346	0.586057
2.993804	1.528619	1.299064
3.257685	0.920823	0.695211
4.718255	4.593452	0.315601
1.346178	4.231703	2.761932
2.996980	2.461232	1.675004
1.678543	4.388635	0.965057
2.522920	2.172911	-0.169746
1.056745	1.979293	1.813719
1.896702	4.394985	0.727300
3.260759	2.459919	2.184023
1.988806	3.491352	1.255659
2.934081	2.753415	0.513464
1.866287	3.422277	0.956907
2.404262	2.890570	2.288988
4.074288	3.918425	1.609051
1.481042	2.399743	0.565749
1.883889	4.666231	0.252641
5.118840	2.036379	0.960923
3.126067	3.342315	1.578292
1.862068	4.845468	0.878011
2.617044	0.907512	1.698724
1.099566	3.113490	1.149513
3.622949	2.314750	0.850453
2.052489	3.253349	1.210278
1.126102	2.798553	1.809485
0.856260	3.067184	0.630900
1.750344	2.243449	1.026943
2.940076	3.952789	0.659699
3.053886	3.249172	1.269707
2.621802	4.150544	0.789648
3.987251	2.526863	1.906092
3.359953	2.042172	0.229166
5.376746	3.282444	1.592262
6.413261	3.013848	3.373802
3.640010	1.127354	0.398381
5.146213	3.676456	1.687728
4.295193	3.144560	1.244230
2.263917	1.692582	0.803295
1.401964	3.563126	0.836280
0.998785	1.731781	1.232073
3.833864	3.080644	1.057678
1.573667	1.519364	0.636690
1.841683	2.279148	1.686037
4.982777	4.272407	0.373851
3.163175	3.664669	0.708589
3.757451	3.175619	1.032637
3.221357	1.654412	0.180471
3.184616	3.504242	3.519450
2.342570	1.674389	1.020790
0.947173	2.854763	1.245119
1.374358	2.063484	1.062550
4.241856	2.935380	0.226842
1.814493	3.370502	1.013110
4.753050	2.379304	1.635449
0.068489	3.150077	2.941128
3.021073	3.108147	1.222016
2.398905	2.031273	1.449053
4.306472	0.952835	0.995662
2.300143	2.601192	2.094479
3.578786	4.482793	0.712470
2.390593	3.231559	1.963041
2.677987	4.263991	1.093267
4.805823	1.961586	2.279178
3.121692	3.459902	0.495065
2.284090	3.448538	0.763737
3.727089	2.657891	1.277978
1.043994	1.898446	0.620586
4.504858	1.547295	1.337144
4.018153	2.418574	4.072065
5.283208	3.148801	2.575574
2.997950	2.276752	2.820235
0.455908	2.843522	1.607201
1.242836	2.737552	2.522560
1.762082	1.948045	1.493722
3.946497	1.762256	0.447187
2.011709	1.801789	2.064697
2.110770	1.947866	0.544356
2.244937	3.362585	0.411714
3.376845	3.121308	0.836064
0.491797	4.147482	1.314627
3.978658	1.837601	1.794230
4.474453	4.305199	0.233269
2.438673	2.284838	1.359293
4.051444	2.977184	0.508076
2.733541	3.704337	0.587844
4.703104	2.740182	1.074562
2.376358	2.002725	1.075724
2.010501	1.468608	0.734447
2.224973	0.828058	2.037004
3.281525	2.656746	1.374624
2.903020	2.937074	0.700116
2.718943	4.942967	1.410610
1.794350	3.334028	1.266290
2.940290	4.370387	2.168744
3.122520	3.586703	0.964319
1.141730	2.029317	0.574245
1.356423	0.024128	1.124665
2.797199	2.686045	1.438746
3.918700	2.535489	5.125880
2.640436	5.526886	1.499517
3.370213	3.802787	0.574862
2.307532	4.787695	0.572577
1.508471	0.794933	0.633342
4.506660	4.336304	1.110089
0.499934	2.956664	1.502198
2.549916	3.867566	1.304838
4.139209	1.726308	1.568583
1.392318	2.998595	0.911905
1.738071	-0.256964	0.167032
2.172760	4.834863	1.811082
2.379533	3.748854	0.466864
2.881006	1.767617	1.371868
2.714824	1.403769	0.709510
2.907658	3.060544	0.979127
3.694225	1.209065	1.701439
1.442105	2.790960	1.658903
3.550133	2.751639	0.146424
2.142973	4.941037	1.237874
1.627934	5.072435	1.367324
1.160200	4.258196	1.108073
3.233085	5.892145	0.725674
1.278831	0.239007	1.217430
3.649446	1.481280	1.287167
3.317354	3.682151	0.629383
3.057737	3.278617	0.607866
3.081034	4.805888	0.211714
3.285775	1.540099	1.805654
4.647500	3.061330	0.724305
2.918342	3.853187	0.583490
3.911521	5.115034	0.919991
2.784911	3.080960	0.610346
2.808611	3.600061	1.430825
1.416116	3.144095	1.004360
1.513677	5.221456	2.102504
3.044046	2.500767	0.270375
3.111588	3.011042	1.055595
2.239813	0.994716	1.260004
1.513388	2.831456	1.081431
0.782810	2.295388	0.565722
1.900125	2.477603	0.752267
3.489590	2.332556	0.278283
2.488409	2.576203	1.188421
2.281203	4.106401	1.120160
3.688951	3.447639	0.923702
1.634583	3.751380	0.967391
3.282367	3.585130	0.334080
1.309906	2.297703	0.593045
3.833580	2.174707	0.857206
4.366987	1.953603	1.751505
2.803038	2.775397	0.870812
1.555195	1.669591	1.374305
1.695757	3.177677	0.912067
3.619459	3.719746	0.386814
2.603284	3.710378	0.618372
2.441338	1.957136	1.285404
1.963162	4.524537	1.462124
2.070602	1.921426	1.862247
2.428939	4.457029	0.787647
1.827026	4.188555	1.652539
2.386551	1.549944	2.005720
2.067508	2.467207	0.339257
2.513312	2.832020	0.251458
2.078055	2.469586	0.505916
3.375033	3.649138	1.961356
1.443603	3.799062	1.147755
-1.426284	3.090298	0.658762
4.413774	2.275977	0.738990
0.301582	3.460717	0.997649
2.826666	1.621538	0.370270
1.569867	4.155255	1.281627
2.769450	1.189588	0.351397
2.849830	1.883377	-0.046996
2.502866	2.697657	1.238457
2.504490	2.516872	1.120762
1.895791	2.699041	0.973669
1.781347	5.168178	0.581450
0.830806	2.259121	0.963447
0.940595	4.123202	0.645711
2.157690	1.731998	0.394456
4.750973	0.249683	0.534613
2.680884	3.651289	1.199102
2.579544	1.993490	0.504584
1.273600	4.299018	1.182625
3.327422	2.670679	1.359369
2.743298	3.686767	1.889731
4.514684	0.713416	0.351296
2.424727	2.720932	1.815524
3.706688	2.506046	2.046072
2.076018	3.214032	0.888376
2.147445	7.097024	1.363716
2.522728	3.578833	0.441708
6.533924	1.135657	1.595025
3.206038	1.860476	0.936270
4.249014	2.005651	2.457695
2.980094	3.609661	1.134374
3.498409	4.355307	0.846515
2.175961	1.102347	0.493311
3.409085	4.690833	1.372029
1.608345	3.883053	0.878705
1.352601	3.244119	1.494882
2.809420	2.488536	1.262810
3.493100	4.017844	1.466098
2.290583	2.627802	0.652530
1.176221	2.531083	1.906031
1.347806	2.122616	0.764542
2.128233	3.964926	0.667228
2.720823	6.056712	1.259704
0.540975	2.813371	3.103497
1.948444	1.852751	2.042081
2.370231	2.874460	0.949420
3.825594	3.109510	1.866020
2.390078	3.401053	1.647971
2.387383	1.979311	0.848308
2.151455	3.277130	2.315220
2.472282	2.830313	1.298189
2.060866	4.057361	0.388219
2.520116	3.153875	0.581472
2.675592	5.611312	1.463081
4.914177	2.795392	2.379673
2.239710	2.207668	2.589984
5.622103	1.937063	2.254090
2.234270	3.281179	0.455098
3.875042	2.063354	0.359850
3.607601	2.502820	1.668291
4.085962	1.813722	0.945038
3.377645	2.297837	0.678875
2.164755	2.159049	0.719515
0.963990	3.526318	2.339846
1.359626	3.084596	0.392431
4.426270	3.875223	1.536264
1.065175	4.047183	0.326628
3.894543	1.863157	0.472075
2.913573	1.356720	1.644921
3.064223	3.157526	0.366153
4.714166	3.099146	1.399103
1.611635	3.163864	1.217256
3.852914	0.377629	1.045197
3.366926	5.906455	0.465891
1.409661	1.829301	0.923707
3.209518	1.936650	0.881264
5.797452	3.558896	0.845295
1.116540	1.756942	0.554343
3.169837	3.230659	1.348744
5.588312	1.620118	1.898540
4.245140	2.283964	1.110898
3.190353	4.070811	1.070640
-0.914606	4.093448	1.592665
3.784570	5.178070	1.474209
4.898673	4.158213	0.529439
2.049074	5.384176	0.860786
2.781292	2.582418	2.857781
3.231783	3.537697	0.986028
3.751132	5.986410	1.862053
1.262636	3.127196	0.518092
2.716378	2.036809	1.730214
2.324294	3.930984	1.971249
4.686079	3.296799	1.752920
2.547731	3.277627	0.498134
5.858965	4.996067	0.474281
3.418814	1.350623	1.213370
2.137790	3.887519	1.608187
2.247330	2.579084	1.719067
2.664444	3.584138	0.701251
2.662393	4.395963	1.096670
1.442632	2.422312	1.485257
2.020638	2.547872	1.006417
-0.023117	3.551157	1.552505
4.520277	3.151270	1.032214
2.408263	1.698491	0.665187
0.586978	1.028372	0.452019
2.496076	5.528292	1.176150
-0.348781	3.840261	-0.045846
2.411198	2.597406	1.484929
2.047222	1.132561	1.860007
3.535892	2.762803	2.851028
3.068340	0.977708	0.846079
4.583561	3.391808	2.547983
3.106943	2.079038	0.531221
2.979274	2.807461	0.447844
3.705368	2.560147	0.583007
3.511234	0.914014	1.636357
2.975830	1.750446	1.828713
3.203713	3.946110	1.868037
2.506038	3.037426	0.956815
3.604293	2.868064	1.655374
3.189858	4.548976	0.532606
2.020110	4.917986	1.554628
4.854061	3.905144	1.589821
3.021377	2.905805	0.910801
2.282809	2.467471	2.497972
3.712872	3.317509	1.227855
3.175811	1.477375	3.068575
6.090878	2.612625	2.843166
1.806847	3.097707	1.142178
2.418988	2.709664	2.383175
2.976260	2.300460	2.217687
2.303951	4.634886	1.637271
0.726476	2.938341	0.798309
3.661737	4.502783	0.544158
3.420049	5.425886	0.740009
6.312386	1.613358	0.618908
1.215517	2.826852	2.181986
1.045882	0.688237	2.667280
2.716243	3.680454	1.289787
4.522255	3.268431	0.768134
4.751516	2.855554	1.267507
1.769222	3.322187	2.502520
5.228038	2.891084	1.286865
3.850550	3.422519	0.720101
4.536685	2.325668	2.953465
5.256948	4.009513	1.424297
1.411624	5.223117	0.424770
2.566903	2.513696	1.734400
3.155131	3.659990	0.288700
2.883722	1.640345	0.175268
3.175738	5.184930	1.003373
5.346671	1.437825	0.929191
1.918782	1.455478	1.119400
4.219312	1.138023	1.660100
1.966976	1.834865	2.455289
0.928943	2.966641	1.368011
0.451997	3.582414	0.873260
2.203276	2.701464	1.144868
2.986447	2.439614	2.760828
3.292153	4.580517	1.267535
3.755296	5.678026	1.357306
3.382827	2.640315	1.208157
1.942968	2.076201	1.232676
4.526119	1.800667	0.965739
3.680567	2.481135	3.070286
2.340664	1.448810	2.092064
6.894605	1.324115	1.082090
2.565466	4.467101	1.402311
4.510748	2.026464	2.574622
1.690994	3.155744	2.466910
-0.335321	2.669867	3.437021
2.434827	3.570122	1.434614
1.382326	2.176529	1.374652
3.120592	2.705568	0.804424
1.057354	1.852498	1.280006
3.799912	3.973430	1.364467
0.809472	4.059879	0.437010
1.233132	2.192980	2.096132
3.259604	5.347736	1.191704
0.095597	3.211590	1.679725
3.261725	2.797898	0.763700
2.740000	-0.662366	0.807079
-0.382778	3.608533	1.121628
2.047215	2.153788	1.599186
2.898144	2.560881	0.442073
1.941308	3.473387	1.130079
0.994910	4.391901	0.813762
2.386725	1.793210	0.744160
1.259790	2.542652	1.280059
2.931099	0.951160	2.655841
1.977981	2.028961	0.767066
4.028042	3.156543	1.409817
5.557075	2.148031	0.596531
2.952415	3.463864	2.290380
3.004133	3.220991	1.179241
1.663409	2.362062	0.953563
2.044580	3.980907	1.638000
1.399317	2.367690	1.040623
3.442844	4.573950	0.374067
4.137586	2.580844	1.294605
2.055694	1.809224	2.162291
3.879139	3.273637	1.266272
1.171517	4.043349	0.682646
3.708778	3.064597	0.649873
2.826281	4.213782	0.858822
1.874712	5.795517	0.961385
3.623078	3.628834	1.039827
2.602041	3.593733	0.942622
1.293165	4.582088	1.435742
4.940448	3.964014	2.574371
2.673833	2.139711	0.473963
1.898262	4.771547	0.610278
2.642434	2.775172	1.661954
4.537455	1.840672	3.158594
4.821525	2.482259	1.451156
0.891881	2.195997	1.047721
5.191460	1.562997	2.896875
3.294077	3.775210	0.805728
2.451130	6.015113	0.648205
1.115784	2.534208	1.288990
3.327198	4.915749	2.908919
3.330458	2.774253	3.290177
2.270581	2.858629	1.129656
2.976656	3.195323	3.464138
3.174187	2.719074	0.994920
1.962761	2.593570	1.832750
3.802122	1.673339	1.484818
3.007309	1.553111	0.304214
1.904270	3.800366	3.345075
3.400687	3.418758	0.590563
0.109517	2.336529	0.684693
3.307495	1.261121	0.652901
2.250726	3.919984	0.455714
0.888861	1.181827	0.241162
1.395505	2.834485	1.188709
2.027302	4.053658	1.657387
3.529426	4.380535	1.283762
1.162518	4.077751	0.729518
1.604785	3.720255	0.635608
2.519936	2.169906	1.320173
2.242848	3.087718	1.230716
1.800691	3.872601	0.805142
1.368907	5.509210	1.535291
3.353690	3.418489	2.437808
5.245314	2.628841	1.128048
3.011376	3.267217	0.905773
4.476455	3.996116	3.449295
2.948949	4.250153	1.968497
1.849612	3.303144	0.684345
5.653603	3.096856	0.349843
2.648324	2.096107	1.064217
4.713235	2.062241	0.607010
2.038705	3.137911	0.810074
-0.002493	3.733292	0.132499
2.776944	2.147196	1.791377
2.993035	2.380679	0.804787
1.610873	2.684573	0.246070
3.311932	2.612452	1.026041
3.456178	2.147471	2.107250
2.946342	3.281100	0.943676
2.887856	3.474568	0.814961
4.087203	1.216136	2.492276
3.376544	6.561290	0.867842
2.797404	2.328805	1.210698
2.405693	3.744727	0.504515
4.482599	0.909339	1.897982
1.533879	3.608775	2.862896
2.254978	1.600659	1.115564
5.460364	2.040344	1.324592
3.751097	2.328481	1.865258
1.321311	3.221946	0.032387
2.792107	2.438789	2.570540
2.270189	3.720584	1.644374
0.467348	1.985995	1.075581
2.613435	2.367914	0.681956
2.416662	3.401693	1.361639
2.473346	4.479178	2.482222
0.903682	0.345607	1.465520
4.590511	1.516049	2.939260
2.206707	3.484733	2.411298
2.093005	3.410362	0.839215
1.968547	2.862532	1.034737
1.888578	1.580188	1.724201
4.130601	4.339755	1.805026
1.673359	2.321604	0.959708
5.426718	1.511780	2.714519
1.612481	3.564073	0.476916
7.192562	3.064598	1.243938
3.449811	1.779072	1.270387
3.865473	2.568462	1.111783
4.693288	4.918429	0.104594
7.206302	2.165413	1.358595
2.435498	3.450200	0.717578
1.743532	3.157266	1.675783
4.632569	1.949634	1.966450
2.612831	1.730344	1.902909
1.056298	4.024791	0.619176
1.694332	2.026671	1.032889
3.221977	3.584713	0.326033
2.061917	3.972755	0.863031
2.018009	0.387659	1.830248
4.106567	2.006165	0.483565
1.681046	2.142556	2.074422
3.787786	2.225758	1.076604
3.388071	4.974137	1.832234
1.720801	1.874391	0.814294
1.878099	3.526870	2.375422
3.516804	1.999588	1.998229
1.698604	0.291111	1.747994
1.534811	3.764416	0.796329
3.119592	2.308465	1.270818
4.819872	1.212117	2.226567
2.702425	0.856374	1.197633
3.020621	3.311418	1.609511
3.756632	3.667618	2.299279
3.175995	1.549304	1.018935
3.582719	2.748658	0.597459
0.601792	2.869493	1.581473
3.047129	1.783378	1.030467
3.732858	2.270424	0.885135
1.918908	2.202315	0.923113
1.064177	1.808240	0.092448
2.599737	2.843873	1.322582
-0.842064	3.216553	-0.192720
4.784278	3.681461	0.691726
1.398851	2.207169	3.613772
3.675579	5.079594	0.835765
3.878931	3.123258	1.847763
2.344026	1.356553	0.534637
5.335909	2.447623	1.002319
2.677335	2.960605	1.147536
0.005348	2.026253	0.856493
4.394977	2.451414	2.108891
3.148005	3.940616	0.955639
1.734435	1.984850	1.251404
2.484694	4.713838	0.455693
3.032263	0.718903	2.342412
2.201817	4.655909	0.916187
5.259827	2.780576	1.225079
1.279605	2.512355	1.779488
4.025080	3.366215	3.544378
4.069900	2.248392	2.257985
3.584367	2.677586	0.852808
3.618509	3.249787	0.320117
3.274299	3.718914	1.648307
2.973915	1.741567	0.898402
2.417558	2.290687	1.206759
2.321579	1.597392	0.278453
4.227249	0.641818	0.348924
4.224194	2.515348	3.848018
4.302160	3.305376	0.317949
3.380459	3.819039	1.156278
2.253507	3.329799	1.167044
3.733840	3.214779	0.052333
3.954786	0.985039	1.216472
6.165359	0.711834	1.834578
3.752187	0.912294	0.204009
4.818643	3.831662	1.245515
2.240878	4.365120	1.406644
1.835582	2.272646	1.297800
7.707257	2.895538	1.058049
0.373985	2.226708	1.379506
3.138890	2.688517	0.454107
3.297780	3.045850	0.787224
1.342796	2.342516	1.158829
2.983028	2.085430	1.324175
3.845538	2.109436	0.734974
2.797662	3.448862	1.253392
1.523851	3.072589	0.394444
1.088068	2.467667	0.853665
2.430274	1.287194	1.034198
4.232902	3.312450	1.103920
2.932001	3.603555	0.488372
1.249316	2.999913	1.071623
3.325407	1.571629	0.504987
1.418091	3.245638	0.421374
2.840139	2.980603	1.923529
2.951623	2.660000	1.738710
5.070545	3.646066	0.945430
3.782474	1.393288	1.892929
1.678013	4.812097	1.159655
1.931515	2.206437	1.043805
4.498033	4.829351	0.370934
3.504342	1.700803	1.396071
3.123359	2.411918	0.624124
3.617386	2.895763	0.255028
4.449935	2.853012	0.853467
5.241207	3.234069	0.670490
3.784306	2.351880	0.784981
1.197515	0.232533	-0.079160
3.676604	3.081617	0.880075
1.774734	3.818203	4.232984
5.476231	3.882386	1.786946
1.632730	3.746411	1.291139
2.784042	5.655777	0.815354
4.531806	2.673016	1.859607
4.025984	4.022279	0.490124
4.874472	2.011953	2.606277
2.450350	1.103308	1.044548
2.833409	3.290394	2.615071
2.964188	1.520468	0.879906
3.682345	6.567690	0.762503
1.497276	2.752942	0.570638
1.778405	3.463365	1.026458
2.673906	2.163200	0.348277
2.972312	2.587243	3.163724
2.871602	4.759791	1.066814
3.673703	1.938164	1.098275
4.768362	2.900173	0.554253
2.207172	3.582020	0.877830
2.016851	2.363539	0.233696
0.771052	2.606492	1.025557
0.981715	1.860596	1.709735
3.277429	1.432556	0.950847
2.431171	2.565474	1.335223
2.377546	2.422398	1.176185
2.725389	3.556919	2.685456
2.401526	2.489087	0.622486
3.591210	1.427112	0.733850
3.396116	3.503633	0.907124
2.858930	3.585750	1.704624
0.785448	3.887352	1.783035
3.238671	2.215598	0.263696
4.422334	2.688840	1.634297
2.798177	4.430152	1.285173
3.032508	3.856127	1.501250
3.227708	3.456559	0.860115
3.276994	4.367132	0.625302
3.661323	2.127817	-0.172742
2.462526	3.416391	0.704640
3.431186	4.321805	0.801989
0.334671	2.744131	0.423955
3.205835	1.676091	0.418420
5.087787	0.474691	1.731221
4.531290	4.595086	0.986937
3.066222	2.425661	2.898738
5.186041	1.736345	1.237724
4.713596	1.898623	1.275648
1.821139	2.795991	1.032220
2.373313	0.934795	1.554413
4.196842	3.002807	0.982373
4.074952	4.105183	2.263009
2.912365	4.527950	0.505544
1.536946	4.705182	0.424822
2.203790	2.314630	0.742297
1.323468	3.322109	1.164691
3.030928	3.920170	1.982751
0.968414	4.139966	0.297534
4.330453	3.737726	1.014808
1.789998	-0.006364	1.191373
4.349070	2.825004	1.237356
2.948265	2.405393	0.873928
2.634502	3.884543	0.587515
0.760170	4.369224	0.763038
3.415501	4.952489	1.202171
2.988439	2.182083	1.192767
3.152325	2.999987	1.002093
2.125647	3.687016	0.890593
2.012874	3.041871	0.503423
7.140292	3.428720	0.905072
3.121246	1.232916	1.622299
4.129716	5.135710	1.299108
2.359771	4.256071	0.548620
2.729801	3.055699	0.333090
4.060051	1.987701	0.422531
1.677645	2.707563	1.833898
4.099520	4.159579	0.966044
2.473952	1.980275	0.485369
4.928568	1.696087	1.450997
3.780882	3.279706	2.146656
3.551123	2.783289	1.363217
0.525082	2.750018	0.984582
3.261323	3.764996	1.394405
3.070122	3.853997	1.487709
4.114093	1.724112	0.700076
1.322312	4.133492	1.344104
1.892065	1.239085	3.279900
3.623960	3.960518	0.194334
2.428493	2.549274	1.802507
2.523247	4.460689	0.462821
1.239538	0.943976	4.315990
1.463618	3.346994	1.095849
5.887481	3.369084	0.954615
3.291687	2.420133	1.124085
1.643904	3.617988	1.424479
4.425967	2.711931	0.511857
1.839327	2.264757	0.533726
2.999751	3.134076	1.616916
3.310014	2.959859	0.638525
2.158988	3.274807	0.432584
2.864936	4.240765	2.868631
3.545426	2.016434	0.231217
2.315937	3.678404	1.088625
3.978309	2.802512	2.010900
2.428660	2.955173	1.031455
2.231394	3.676055	1.638489
3.173028	5.913706	0.874802
1.885301	2.986658	-0.049960
1.181019	6.229816	0.780952
0.424512	5.019443	1.612352
2.493470	4.202536	0.829655
2.457764	3.644785	0.714560
3.286893	0.863353	1.034965
1.922661	1.985931	1.303431
3.132145	3.005239	0.238494
4.225334	2.664775	1.843510
3.804448	2.534005	0.541085
2.703971	3.609363	1.121722
3.309326	1.224427	0.197539
2.123489	2.418209	2.816353
2.381680	2.921488	0.559501
4.474666	3.347260	1.973655
2.747691	3.804736	1.163760
3.821592	-0.556012	1.162123
3.100595	1.940439	0.381059
2.875316	2.037896	0.881431
2.723448	4.022572	0.708635
1.797014	2.862816	1.372398
3.953828	3.997939	1.147621
0.814223	2.208253	0.824649
3.858143	3.663341	2.028090
3.006711	2.232253	1.748733
2.714539	2.034886	0.519860
3.849708	4.368681	1.284291
3.074163	3.265288	0.305701
3.674991	3.926315	0.489420
2.124459	2.942588	0.839438
1.790466	2.664685	1.034388
3.265680	2.063841	0.541328
1.855453	1.408782	1.473424
3.943149	2.488517	0.510236
3.242996	3.557431	1.539413
1.499038	1.429747	1.938127
3.697515	0.925585	1.143556
3.297164	5.959736	0.294801
1.156609	2.981171	0.446323
0.387950	2.719526	0.476810
6.113151	2.966917	1.900376
1.964843	4.681411	1.039429
0.723412	4.253678	0.661743
2.711404	2.703570	0.528708
3.207091	1.581625	0.735440
4.177439	2.685658	2.171750
1.528987	6.407994	0.218838
3.105428	2.361350	3.049835
1.509555	2.336660	1.222365
4.734755	3.236095	0.325969
2.918702	4.968789	0.623934
2.440457	3.010190	0.919604
2.872264	2.710490	0.366904
2.274970	4.127868	0.736081
2.330577	3.713240	1.072471
3.554433	1.419365	0.914839
-1.436113	0.661852	0.878722
1.027655	2.766538	1.932305
1.428667	0.525869	0.392997
3.494405	1.418172	2.433083
3.149409	3.525922	1.260788
4.533893	-0.069937	0.713877
3.765930	2.854317	1.335450
1.178356	0.435083	0.657155
2.520447	5.132327	0.216166
-0.254461	2.000975	1.740527
2.531535	4.349904	1.159605
2.087628	5.317204	1.552159
0.604693	0.579674	1.062968
3.759487	0.150376	1.797772
4.006145	2.646561	1.227209
1.498999	2.487999	1.006350
1.222021	3.141599	0.220294
2.417419	2.500534	0.979499
1.815064	2.754137	2.339593
5.683401	2.680556	1.308376
3.541990	1.840588	1.033453
1.065919	4.252774	0.945655
2.166465	3.629497	1.171322
3.725424	4.006902	1.649835
3.539094	-1.332523	1.381365
2.844522	4.842547	0.519222
1.241039	3.010527	0.238728
1.357272	5.079615	0.915209
1.588402	2.458279	0.893948
2.710330	5.699292	0.898815
5.243195	4.112604	0.728192
0.645568	1.230705	0.543474
3.738580	0.887807	1.458041
2.661606	4.555341	2.588804
1.436535	0.977764	0.840397
2.692222	1.037170	0.814083
4.000975	1.926170	0.907975
1.435237	3.642311	1.207761
1.995562	2.752349	1.226079
2.921504	2.282712	0.956792
1.362407	3.230508	0.428627
1.706590	1.957093	1.004827
2.542661	0.822726	0.721289
3.069964	3.234914	0.203951
3.521820	2.879435	0.313097
5.214764	3.029643	1.383272
2.373211	6.216042	0.590631
2.495213	2.377959	0.720729
2.523840	2.353237	1.828446
2.773647	4.584825	0.484596
2.391996	3.729801	0.767661
4.476964	4.424688	1.420742
1.947365	2.672336	0.966831
4.931484	2.829952	1.747315
0.537911	5.015127	0.603645
2.922881	3.712738	1.528501
1.690989	2.652390	3.815944
4.540683	1.943303	0.768259
1.779455	4.839090	0.504320
1.732897	2.749789	0.445780
2.102687	5.183926	1.091862
3.212685	2.693526	0.468769
2.740675	1.271635	3.023637
2.289900	3.798070	0.502909
2.448886	2.605541	0.928597
2.032618	5.587367	0.448844
1.763301	4.719104	0.610373
4.173425	3.056932	1.195684
1.811423	4.107243	1.318266
0.952915	3.516714	0.920869
0.907146	4.466894	0.327873
2.147904	2.891066	1.888449
1.675751	1.100751	0.201609
3.665860	2.328942	0.855227
7.852276	1.689818	2.803385
1.928636	1.602756	0.910856
2.223839	5.868314	0.429611
3.751151	1.433442	0.551815
5.045768	3.182791	1.321189
3.169527	2.614693	0.262066
2.756738	2.637067	1.753495
1.846837	5.490190	0.454986
1.804044	0.796659	1.018703
1.098543	1.514444	1.799138
2.136652	3.911135	0.925176
2.453800	4.263709	0.919606
2.362492	2.739712	0.681099
5.812604	3.705358	1.467463
4.324783	3.416670	2.834145
0.729629	2.012954	0.317234
2.164576	2.027081	0.819730
0.854263	2.920544	2.243051
3.785748	2.487190	1.342656
3.048182	2.457466	2.005289
1.958361	4.923643	1.826109
1.360533	0.636597	1.631442
0.957700	4.829167	0.625345
3.482096	3.451846	0.912953
4.076923	1.924791	0.388890
3.964587	3.029293	0.548797
2.592295	3.097464	0.441057
2.637736	2.747349	1.518695
4.214440	3.102292	1.430987
2.200668	3.000551	0.644332
2.638346	1.646413	0.568920
2.041326	2.559060	0.826565
4.535108	5.571420	0.762052
2.464742	0.870922	0.671213
1.609752	3.790670	1.673111
2.201766	1.433106	0.590603
4.702650	3.557856	0.750368
1.020205	2.311210	1.254446
5.612792	4.023413	1.153611
1.852048	0.613333	0.333735
4.109518	2.203932	0.591430
3.975883	3.134662	1.986720
2.021223	2.067854	1.345370
1.651036	1.964118	0.716189
3.261235	3.172882	0.958230
0.920764	4.644149	0.735544
2.254923	3.925398	0.741241
1.385262	2.267009	0.831508
3.712397	1.403540	1.717305
2.125119	1.547912	0.816214
3.093291	2.468146	2.406369
3.381361	2.562303	0.096966
3.006685	3.177359	0.946486
2.541697	2.698775	0.839682
4.855541	2.886287	3.169734
1.500280	3.778661	0.559733
5.044260	2.418435	0.712993
2.623404	0.635226	0.717784
2.179182	3.343694	3.294495
1.617377	2.808190	0.551288
2.157932	2.730816	2.837907
3.073117	2.920475	0.865812
1.386703	3.128043	0.658563
3.976570	3.898186	0.461955
3.839730	0.682831	1.501132
2.365708	5.970766	0.845417
4.090468	3.553702	0.743638
2.588231	3.062735	0.940964
4.887160	4.128647	1.340775
2.712620	4.026048	0.566894
2.575438	3.451814	0.292343
1.941085	3.509444	1.165359
3.400340	3.850133	0.034737
1.181964	1.335526	2.705417
3.854004	3.854265	0.530563
2.877213	3.878085	0.629636
6.393525	2.053715	2.274680
5.415617	2.733607	1.983353
0.799487	2.412213	0.621949
1.972266	5.174076	1.628182
3.990028	3.424625	1.138543
2.064949	2.288187	1.105142
4.952613	1.458537	0.637261
2.525721	7.004839	0.637461
2.068234	1.768755	0.223503
0.634542	5.884805	0.585472
2.748627	1.957109	1.041221
3.095209	2.204453	1.160690
0.751022	3.945741	1.035670
3.407338	3.204984	2.129561
2.647206	3.157494	0.736554
0.231249	4.089417	1.438715
1.836366	2.001500	2.116821
2.620979	0.529580	1.698957
2.798863	1.847816	0.894214
2.831033	0.958585	1.201697
3.327709	2.898057	1.172243
1.689556	2.302144	1.906611
3.561963	3.229236	1.234122
1.159464	2.899690	0.759094
1.312157	2.150552	1.297559
2.584313	4.266254	0.304841
6.192655	4.635139	1.105150
2.560958	6.850584	0.145429
3.254096	1.824374	0.656643
2.494550	2.211700	0.911561
1.394034	1.590931	0.195707
3.153872	3.905047	1.447733
5.341033	1.506338	1.038867
2.096741	3.583909	1.142606
2.551859	3.194546	0.607570
1.965306	4.527498	0.932473
2.395758	3.909269	0.993830
3.109608	3.070069	0.962552
0.803974	1.995894	1.190801
3.376506	3.120074	1.596977
7.825050	2.541720	0.584825
1.432704	4.202485	1.929806
4.870373	1.612185	1.399014
4.011367	3.335206	3.308687
3.589355	2.825822	2.146259
1.944518	3.604547	0.498036
2.672104	-0.145394	3.214734
2.855893	1.186633	1.047041
3.413494	1.643016	2.127388
-0.074206	0.876851	1.833923
3.632126	2.686508	1.644029
1.382308	1.427612	1.113246
3.683574	3.472228	1.448721
1.189918	3.455010	0.553473
0.925833	2.815889	2.689463
3.155792	3.629048	0.853030
3.733838	3.427742	1.110611
4.246932	2.608618	1.014300
4.674881	1.867081	0.988802
2.194658	3.434395	0.500898
1.900102	0.167209	0.524840
3.596228	1.884079	0.445013
1.999171	4.901502	0.683624
4.160919	5.088254	0.680535
2.772584	3.666591	0.858637
2.375261	1.981564	0.393063
2.951793	2.476919	0.431695
4.262331	2.315437	1.907285
2.447078	2.885661	0.604300
5.354526	2.490782	1.463545
3.586990	1.914178	1.537481
3.737801	2.174879	1.381502
3.515746	2.017604	0.431172
2.356574	1.243698	1.800745
2.503041	4.451110	0.553882
4.036381	2.355762	3.269561
1.739459	3.198701	1.401657
3.325585	2.752610	1.031790
3.617394	4.239719	1.461596
3.757040	2.860801	1.875156
2.471456	2.173266	1.945354
2.754075	2.079339	1.159718
2.341783	4.391122	0.565278
2.948546	3.464813	1.179268
-0.089484	2.777587	0.343998
2.098669	3.144313	0.541556
3.332195	2.641518	0.912718
2.223467	4.156322	0.169958
1.055451	2.611412	3.430662
2.048089	4.401440	1.309593
2.228050	3.495221	1.505794
2.627314	0.671237	0.349709
1.676106	4.820833	0.414251
4.467412	1.440779	1.301891
3.962856	2.970523	0.890706
5.058662	1.545790	0.669911
2.721671	3.499085	0.980018
2.086837	-0.504949	0.429771
2.209218	0.642362	0.622516
1.861030	1.097132	0.233269
4.945578	4.735626	0.918323
3.015720	3.268701	0.697197
3.399674	3.631855	1.332215
0.416572	2.051853	0.816613
5.242225	4.454725	1.461584
4.185610	1.455028	2.948261
4.745369	3.861433	2.493784
4.365550	0.005990	1.862399
3.887876	3.702288	1.177424
1.884383	3.868815	0.891462
1.886541	2.359306	0.790254
3.910591	3.909699	0.205620
1.294020	1.617696	0.379357
1.692920	2.367974	0.276087
2.801183	4.299202	0.715432
3.172936	2.519839	0.347617
4.648883	3.727844	2.287573
3.295656	1.761515	1.793072
3.850435	4.660076	2.476683
1.341702	2.368604	2.134749
2.457434	4.379996	0.416075
0.580188	3.805888	-0.181289
5.686130	2.075206	1.503979
5.617280	5.367896	0.192694
5.004230	4.425064	0.277098
5.480423	2.973709	1.440212
2.506944	1.556430	0.826270
2.551680	2.189102	1.251808
3.451644	4.098296	1.551302
0.416507	4.613921	2.224577
2.137711	2.395480	0.909929
2.580427	5.225132	1.285174
2.926065	3.021448	1.840353
4.578831	1.607992	0.374987
3.546974	3.704326	1.139277
2.351218	3.994759	0.861648
2.275812	5.275662	0.452104
4.147497	0.590592	0.830051
1.168051	2.473788	0.723046
4.251967	3.638959	0.758916
1.155248	4.577645	0.471259
1.486265	4.853566	1.825607
2.938965	1.898266	1.205437
2.567450	5.363545	0.489679
0.558759	3.361331	0.618898
1.422411	3.576690	0.143620
4.400954	5.415803	1.192285
2.373702	5.710357	0.724643
1.715452	2.887171	0.385697
3.285764	3.890536	0.688399
2.900214	2.573383	0.579235
3.733295	3.184643	1.104232
2.123892	1.974149	0.872412
4.727648	5.707827	0.843219
2.063619	5.578351	0.643933
3.679305	2.664225	0.240408
2.085612	2.762383	1.788694
1.808245	1.996343	0.395264
1.047130	5.119340	1.379306
3.810825	3.991105	0.218911
3.474215	2.993304	0.752364
1.623091	1.967254	0.636137
4.800818	2.685333	0.633012
2.725736	1.005073	0.402509
2.918400	1.346640	1.999480
4.441446	4.194333	0.868484
3.859699	2.245224	0.777290
