user_id,completion_percentage,gender,AGE
6249,21,0.0,0.0
6920,16,0.0,0.0
6914,59,0.0,22.0
8520,72,1.0,0.0
9346,72,0.0,23.0
10213,69,0.0,20.0
10465,69,0.0,30.0
13380,64,0.0,26.0
13632,31,0.0,0.0
14210,38,0.0,21.0
18566,64,1.0,25.0
20235,81,1.0,22.0
20742,47,1.0,22.0
21201,66,1.0,23.0
22809,76,1.0,21.0
23606,67,1.0,21.0
28203,60,1.0,0.0
28206,71,1.0,23.0
28921,71,1.0,21.0
28960,71,0.0,23.0
29491,48,1.0,20.0
29848,71,0.0,19.0
31991,12,1.0,0.0
32429,78,0.0,0.0
33622,48,0.0,17.0
33977,62,0.0,0.0
35386,67,0.0,25.0
35549,31,1.0,0.0
36997,55,1.0,24.0
38705,71,1.0,20.0
42026,33,0.0,19.0
42548,52,0.0,21.0
42787,59,0.0,18.0
42973,67,1.0,21.0
43137,66,1.0,24.0
44872,74,0.0,0.0
45174,62,0.0,0.0
45237,64,0.0,21.0
46406,66,0.0,20.0
46407,60,0.0,21.0
46571,21,0.0,0.0
47885,66,1.0,19.0
49160,12,1.0,21.0
49584,78,0.0,17.0
49594,12,0.0,23.0
50877,66,1.0,19.0
51474,71,1.0,23.0
51628,62,0.0,0.0
52607,62,0.0,21.0
54201,31,0.0,22.0
55675,71,0.0,15.0
55715,71,1.0,0.0
55626,12,0.0,0.0
56433,31,1.0,20.0
56687,64,0.0,20.0
56590,57,1.0,20.0
58063,21,0.0,21.0
58880,69,0.0,23.0
59558,74,1.0,18.0
61349,91,0.0,16.0
62256,69,0.0,14.0
63527,48,1.0,23.0
63686,74,0.0,21.0
63700,62,0.0,20.0
63957,66,1.0,0.0
64139,62,1.0,20.0
64181,71,0.0,19.0
64196,52,0.0,0.0
64957,12,0.0,24.0
66296,41,1.0,0.0
69047,62,1.0,0.0
70711,64,1.0,0.0
70837,59,1.0,11.0
70871,64,1.0,15.0
71195,24,0.0,0.0
71318,16,1.0,22.0
72071,53,1.0,0.0
72129,62,1.0,20.0
72626,55,0.0,0.0
72594,71,1.0,19.0
72919,62,1.0,0.0
72926,62,1.0,16.0
75385,88,1.0,19.0
75474,78,1.0,18.0
75740,69,0.0,0.0
77717,69,1.0,0.0
77665,57,1.0,20.0
78067,78,1.0,21.0
78321,71,1.0,0.0
78575,71,1.0,20.0
79036,53,1.0,27.0
79792,12,0.0,22.0
80173,12,0.0,20.0
81894,28,0.0,23.0
82261,74,0.0,1.0
82138,12,1.0,0.0
82467,14,1.0,25.0
84291,67,0.0,20.0
84697,69,1.0,0.0
87113,59,1.0,0.0
88212,76,0.0,21.0
89431,72,0.0,12.0
89822,67,0.0,22.0
89814,24,1.0,23.0
89864,12,0.0,21.0
90001,53,1.0,16.0
89967,81,0.0,14.0
90363,71,1.0,0.0
90323,76,1.0,0.0
90464,41,1.0,23.0
90659,83,0.0,17.0
91221,74,1.0,0.0
92886,66,0.0,22.0
93104,12,1.0,21.0
93606,59,0.0,21.0
93608,60,1.0,21.0
93584,57,1.0,21.0
93927,12,1.0,18.0
94558,21,0.0,24.0
95731,72,1.0,0.0
95750,17,1.0,0.0
95913,12,1.0,20.0
96098,48,1.0,20.0
96132,48,1.0,20.0
96252,67,1.0,20.0
97495,60,0.0,0.0
97452,14,0.0,24.0
97672,12,0.0,24.0
97850,26,1.0,16.0
97896,69,0.0,22.0
98011,66,1.0,21.0
98049,59,0.0,19.0
98295,71,0.0,20.0
98653,69,0.0,0.0
99293,12,1.0,0.0
99379,17,1.0,20.0
99283,59,0.0,0.0
99454,62,0.0,0.0
99455,72,1.0,17.0
99648,60,0.0,19.0
99680,62,1.0,19.0
99762,67,0.0,24.0
99949,71,1.0,21.0
100236,12,1.0,36.0
100426,91,0.0,0.0
100926,69,1.0,22.0
101625,72,0.0,17.0
102441,86,1.0,21.0
102956,76,1.0,19.0
102994,50,1.0,21.0
103968,21,0.0,26.0
104918,71,1.0,25.0
105008,72,0.0,24.0
106016,12,0.0,19.0
106236,12,0.0,24.0
107465,55,1.0,0.0
107567,59,0.0,21.0
107803,26,0.0,0.0
108944,64,1.0,26.0
110919,64,0.0,0.0
111544,67,1.0,0.0
112362,59,0.0,0.0
113990,38,0.0,19.0
114181,60,0.0,21.0
114137,36,0.0,18.0
114140,64,0.0,21.0
114142,69,0.0,20.0
114134,64,1.0,21.0
114283,66,0.0,24.0
114378,76,0.0,0.0
114382,57,1.0,0.0
114179,47,1.0,22.0
114516,59,1.0,22.0
114522,36,1.0,19.0
114560,34,1.0,0.0
114567,12,1.0,20.0
115329,64,0.0,20.0
115736,16,0.0,0.0
116362,57,1.0,25.0
116501,69,0.0,21.0
117019,47,1.0,23.0
117014,66,1.0,27.0
117256,81,0.0,16.0
117257,74,0.0,18.0
117259,60,1.0,0.0
117439,67,0.0,0.0
117251,67,1.0,14.0
117252,72,0.0,17.0
117442,38,1.0,21.0
117254,79,0.0,18.0
117445,67,0.0,18.0
117373,69,0.0,17.0
117701,40,1.0,23.0
118145,16,0.0,19.0
120003,48,0.0,23.0
120314,12,0.0,11.0
120487,14,0.0,13.0
120958,53,0.0,31.0
121178,71,0.0,18.0
121504,47,0.0,0.0
121786,12,1.0,21.0
122019,69,1.0,20.0
122554,59,1.0,22.0
122796,34,1.0,35.0
123672,26,0.0,19.0
124529,52,1.0,16.0
125036,12,0.0,22.0
126268,66,0.0,28.0
126454,12,1.0,24.0
126786,69,0.0,0.0
127028,59,0.0,0.0
127511,67,1.0,22.0
128373,72,0.0,0.0
128868,52,1.0,17.0
128781,64,0.0,0.0
128857,12,1.0,20.0
129033,67,1.0,24.0
129330,12,0.0,24.0
129757,64,0.0,21.0
129758,71,0.0,18.0
129629,40,0.0,20.0
130152,78,0.0,0.0
131431,74,0.0,23.0
131952,24,0.0,21.0
132084,17,0.0,17.0
132263,12,0.0,0.0
132679,66,0.0,17.0
132621,47,0.0,16.0
133129,67,1.0,18.0
133695,72,0.0,0.0
134205,14,1.0,13.0
134708,55,1.0,0.0
135136,69,0.0,18.0
135496,71,1.0,26.0
135415,88,1.0,0.0
135637,72,0.0,16.0
135682,72,0.0,17.0
136394,17,0.0,0.0
137646,60,1.0,20.0
137935,66,1.0,21.0
138064,83,0.0,18.0
138426,74,1.0,0.0
138814,66,0.0,18.0
139446,62,0.0,37.0
139587,81,0.0,0.0
142486,48,1.0,0.0
142403,66,1.0,0.0
142546,60,1.0,13.0
143081,67,0.0,0.0
144175,79,0.0,13.0
144606,62,1.0,0.0
144887,74,1.0,0.0
144923,14,1.0,0.0
145513,59,1.0,0.0
145745,79,0.0,16.0
146452,67,1.0,0.0
146693,41,1.0,0.0
146649,16,0.0,0.0
146782,90,1.0,16.0
146817,86,0.0,0.0
146988,43,0.0,0.0
146990,41,1.0,19.0
147399,40,0.0,25.0
147597,33,0.0,23.0
147783,72,1.0,12.0
147887,78,0.0,15.0
148802,71,0.0,0.0
149578,67,0.0,30.0
151155,55,0.0,21.0
151183,69,1.0,15.0
151288,74,0.0,0.0
151876,72,0.0,17.0
151906,59,0.0,18.0
153076,47,0.0,17.0
153077,12,1.0,0.0
153093,52,0.0,18.0
153123,12,1.0,22.0
153111,26,1.0,0.0
153125,69,0.0,25.0
153116,76,0.0,0.0
153127,67,1.0,25.0
153128,57,0.0,22.0
153129,57,1.0,22.0
153079,69,0.0,0.0
153226,71,0.0,22.0
153227,64,1.0,21.0
153082,12,0.0,0.0
153229,34,0.0,0.0
153074,64,0.0,14.0
153075,12,0.0,0.0
153231,69,1.0,18.0
153232,17,0.0,22.0
153083,71,0.0,0.0
153236,12,0.0,22.0
153084,84,0.0,17.0
153086,36,0.0,16.0
153087,71,0.0,0.0
153224,60,0.0,25.0
153647,59,0.0,0.0
153636,29,0.0,0.0
153724,64,0.0,21.0
153725,66,0.0,0.0
153638,71,1.0,26.0
153630,40,0.0,22.0
153726,59,0.0,23.0
153730,71,0.0,21.0
153640,69,1.0,29.0
153641,16,0.0,0.0
153645,66,0.0,0.0
154992,12,0.0,13.0
155255,64,0.0,24.0
155497,81,1.0,0.0
155530,74,0.0,16.0
155789,12,0.0,0.0
156367,59,0.0,0.0
156693,71,1.0,21.0
158005,67,0.0,25.0
158638,48,1.0,0.0
159525,19,0.0,0.0
160185,72,0.0,15.0
161104,74,0.0,0.0
161281,90,1.0,17.0
161229,81,1.0,16.0
161664,86,1.0,14.0
161653,48,1.0,0.0
161826,78,1.0,11.0
162868,34,1.0,28.0
162938,64,1.0,26.0
162906,38,0.0,0.0
163885,66,0.0,18.0
164174,12,0.0,23.0
164423,60,0.0,0.0
164477,14,0.0,0.0
164954,45,1.0,0.0
165919,69,1.0,21.0
165906,59,1.0,16.0
166062,16,1.0,20.0
166894,69,0.0,18.0
167064,12,0.0,0.0
167432,86,0.0,16.0
167617,33,0.0,0.0
167794,12,0.0,23.0
167800,72,0.0,15.0
168811,71,0.0,22.0
168814,64,1.0,23.0
168886,57,1.0,22.0
168809,48,1.0,23.0
169142,57,0.0,0.0
169145,12,0.0,23.0
169473,67,1.0,24.0
170765,79,1.0,0.0
171634,76,0.0,13.0
171640,62,1.0,23.0
171629,78,0.0,16.0
172068,71,1.0,43.0
172144,72,0.0,19.0
172291,69,0.0,18.0
172315,72,1.0,18.0
172545,12,0.0,0.0
172793,43,0.0,23.0
173313,57,1.0,11.0
173336,12,0.0,20.0
173499,59,1.0,0.0
174075,66,0.0,18.0
174487,60,1.0,19.0
175065,72,1.0,25.0
175636,57,1.0,24.0
175768,59,1.0,24.0
176177,71,0.0,22.0
176211,67,0.0,0.0
176773,81,1.0,19.0
177319,43,0.0,24.0
177355,60,0.0,23.0
177282,59,0.0,0.0
178119,66,0.0,18.0
178208,66,1.0,20.0
178228,60,1.0,22.0
178708,66,1.0,17.0
178832,66,0.0,0.0
179196,60,1.0,23.0
179530,74,0.0,18.0
179637,55,1.0,0.0
180054,53,1.0,29.0
180270,69,1.0,23.0
180504,59,1.0,17.0
180505,64,1.0,17.0
180506,67,1.0,16.0
180507,12,1.0,16.0
180508,48,0.0,16.0
180766,67,0.0,0.0
181320,41,1.0,34.0
181228,40,0.0,21.0
182217,31,1.0,17.0
183139,12,0.0,18.0
183189,12,1.0,0.0
183165,12,0.0,19.0
183830,64,0.0,0.0
183922,14,1.0,0.0
183915,76,1.0,19.0
184187,66,0.0,13.0
184266,81,0.0,16.0
184380,12,0.0,0.0
184561,71,0.0,17.0
184611,69,1.0,25.0
184638,69,1.0,24.0
184863,57,0.0,0.0
184838,22,0.0,21.0
184839,34,0.0,0.0
185032,34,1.0,27.0
185033,64,0.0,23.0
185034,12,1.0,33.0
185037,12,1.0,0.0
185164,69,0.0,22.0
185247,64,1.0,17.0
185493,67,1.0,0.0
185729,66,1.0,0.0
186231,67,1.0,13.0
186232,43,1.0,20.0
186832,67,0.0,0.0
187392,47,0.0,0.0
188018,12,0.0,19.0
188651,66,0.0,22.0
188983,52,0.0,20.0
189687,59,1.0,21.0
189964,69,0.0,0.0
191164,36,1.0,0.0
191165,12,0.0,0.0
191157,62,1.0,0.0
191814,74,0.0,20.0
192175,67,0.0,0.0
192176,55,0.0,16.0
192325,74,0.0,0.0
192418,69,0.0,0.0
192702,71,0.0,16.0
192866,55,0.0,19.0
192970,24,0.0,37.0
194194,64,1.0,17.0
194196,71,1.0,17.0
194390,66,0.0,21.0
194391,40,0.0,0.0
194506,55,1.0,21.0
194903,16,0.0,0.0
195137,62,0.0,34.0
195221,71,0.0,20.0
195393,59,0.0,0.0
195419,76,0.0,16.0
195433,71,0.0,0.0
196186,12,1.0,42.0
196063,12,0.0,20.0
196257,69,0.0,0.0
196184,64,1.0,43.0
196549,66,0.0,24.0
196984,66,0.0,18.0
197052,34,1.0,0.0
197341,67,1.0,23.0
197386,28,0.0,20.0
197406,71,1.0,16.0
197319,67,0.0,21.0
197471,64,0.0,23.0
197719,14,0.0,19.0
197759,12,0.0,21.0
197844,38,0.0,21.0
198031,66,0.0,20.0
198238,52,0.0,0.0
198483,60,1.0,19.0
198713,72,0.0,15.0
198931,67,0.0,0.0
199381,31,1.0,22.0
199477,36,0.0,21.0
199347,12,0.0,20.0
199986,57,1.0,0.0
199949,64,1.0,24.0
201919,71,1.0,0.0
202418,12,0.0,23.0
202512,45,1.0,23.0
202850,60,0.0,16.0
203295,12,0.0,0.0
204512,71,0.0,0.0
204980,12,0.0,19.0
205106,62,0.0,24.0
205064,64,0.0,21.0
205294,12,0.0,25.0
205743,53,1.0,17.0
205737,74,1.0,0.0
206237,38,0.0,23.0
206334,69,0.0,28.0
206525,67,0.0,18.0
206487,26,1.0,23.0
206527,34,1.0,18.0
206578,26,0.0,27.0
206829,79,1.0,22.0
206830,72,1.0,20.0
206714,76,1.0,21.0
207737,72,1.0,15.0
207740,64,0.0,0.0
207750,12,1.0,38.0
207734,12,0.0,0.0
207951,59,1.0,22.0
208021,17,1.0,0.0
208056,71,1.0,13.0
208370,59,1.0,18.0
208371,40,0.0,0.0
208837,59,1.0,0.0
209110,74,0.0,18.0
209169,57,1.0,23.0
209584,14,1.0,22.0
209562,36,0.0,26.0
209852,62,0.0,17.0
209724,31,1.0,0.0
209981,74,1.0,14.0
210834,67,0.0,20.0
210688,34,0.0,22.0
211400,67,1.0,15.0
211305,59,1.0,29.0
211683,41,0.0,0.0
211702,66,0.0,0.0
212325,12,1.0,0.0
212510,43,0.0,19.0
212499,66,1.0,18.0
212500,64,1.0,22.0
212502,36,0.0,22.0
212503,81,1.0,0.0
212598,33,1.0,0.0
212672,47,1.0,0.0
212673,67,1.0,19.0
212674,34,0.0,17.0
212675,14,1.0,25.0
212720,72,0.0,0.0
212722,67,0.0,0.0
212590,16,1.0,17.0
212777,64,1.0,21.0
212724,47,1.0,21.0
212725,66,1.0,26.0
212726,53,1.0,21.0
212727,12,1.0,25.0
212728,55,1.0,27.0
212744,66,1.0,0.0
212814,26,1.0,20.0
212770,60,1.0,22.0
212815,48,1.0,22.0
212772,72,1.0,0.0
212898,21,1.0,23.0
212816,28,1.0,24.0
212899,66,0.0,19.0
212817,53,0.0,0.0
212819,12,1.0,23.0
212889,71,0.0,20.0
212895,57,0.0,20.0
212774,55,1.0,22.0
212775,33,1.0,20.0
212993,53,0.0,20.0
212994,48,1.0,18.0
212995,69,1.0,22.0
212996,12,1.0,28.0
212997,62,1.0,21.0
212999,50,1.0,0.0
213069,67,1.0,20.0
213070,62,1.0,22.0
212960,53,0.0,20.0
212961,64,1.0,25.0
212962,69,1.0,23.0
212963,67,1.0,19.0
213112,62,1.0,27.0
213114,66,1.0,25.0
213115,62,1.0,20.0
213116,59,1.0,21.0
213195,34,1.0,22.0
213655,14,0.0,17.0
214364,78,1.0,20.0
214609,59,1.0,21.0
215045,52,0.0,16.0
215159,16,0.0,0.0
215279,86,0.0,0.0
215426,66,1.0,18.0
215545,67,1.0,33.0
215534,57,1.0,34.0
215752,66,0.0,13.0
215578,59,1.0,28.0
215863,67,0.0,21.0
216236,12,1.0,0.0
216287,72,1.0,25.0
216421,67,1.0,19.0
216368,12,1.0,0.0
216807,57,0.0,23.0
217281,12,1.0,26.0
218102,62,0.0,24.0
218449,71,1.0,23.0
218850,12,1.0,29.0
219081,62,1.0,26.0
219491,12,0.0,26.0
220496,53,0.0,0.0
220636,24,0.0,28.0
221189,12,1.0,18.0
221202,34,0.0,23.0
221157,12,0.0,23.0
221340,52,1.0,18.0
222289,62,0.0,23.0
222105,52,0.0,25.0
222431,72,1.0,0.0
223108,62,1.0,23.0
225973,66,0.0,0.0
226314,64,1.0,22.0
226607,66,0.0,14.0
226729,57,0.0,0.0
227243,12,0.0,21.0
227865,90,1.0,18.0
228098,97,0.0,16.0
228180,66,1.0,21.0
228926,60,1.0,24.0
229279,50,1.0,0.0
230201,71,1.0,17.0
230496,12,0.0,0.0
230999,60,0.0,22.0
231176,69,0.0,19.0
231653,74,1.0,19.0
232116,62,1.0,26.0
232421,64,1.0,23.0
232840,76,1.0,19.0
233052,78,1.0,19.0
233100,50,1.0,22.0
233334,14,0.0,18.0
233689,74,1.0,0.0
237261,12,1.0,32.0
238672,14,0.0,0.0
238847,41,0.0,0.0
239514,60,1.0,25.0
239443,64,1.0,20.0
240436,19,0.0,0.0
241266,59,1.0,21.0
241371,66,1.0,18.0
242621,12,0.0,20.0
243365,72,0.0,15.0
243527,59,0.0,18.0
243503,84,0.0,16.0
243632,57,0.0,17.0
243565,76,1.0,23.0
243568,60,0.0,0.0
243630,79,0.0,15.0
244020,62,0.0,9.0
244092,62,0.0,12.0
244400,71,1.0,0.0
244492,67,0.0,0.0
245074,59,0.0,20.0
245141,79,0.0,0.0
245792,67,0.0,0.0
246194,57,0.0,21.0
248518,71,1.0,24.0
248610,64,0.0,0.0
250100,43,0.0,24.0
250438,50,0.0,25.0
251148,71,0.0,27.0
251474,67,0.0,18.0
252006,12,0.0,21.0
252364,91,0.0,0.0
252622,21,0.0,21.0
252901,21,0.0,21.0
252926,16,1.0,30.0
252880,69,0.0,21.0
252882,12,0.0,0.0
255211,60,0.0,26.0
255263,66,0.0,26.0
255201,14,1.0,29.0
255254,59,0.0,0.0
255962,74,1.0,0.0
256024,84,1.0,0.0
255898,67,1.0,0.0
256461,59,0.0,15.0
256520,74,0.0,0.0
256945,31,0.0,0.0
257134,24,0.0,22.0
257360,53,1.0,20.0
257523,71,0.0,21.0
257912,62,0.0,0.0
258348,69,0.0,17.0
258650,71,0.0,15.0
258758,69,1.0,18.0
258854,60,0.0,14.0
259297,74,0.0,0.0
259774,66,1.0,0.0
259880,74,0.0,0.0
261076,74,0.0,16.0
261282,12,0.0,29.0
263305,71,0.0,26.0
265570,26,0.0,30.0
266515,12,1.0,9.0
267309,81,1.0,0.0
270127,67,0.0,20.0
272776,38,1.0,19.0
274470,67,0.0,19.0
274979,60,0.0,21.0
275010,69,1.0,23.0
275555,36,0.0,21.0
276800,12,0.0,22.0
277281,12,0.0,27.0
278039,67,0.0,21.0
278599,12,0.0,0.0
278591,66,0.0,17.0
278731,62,0.0,19.0
278733,67,0.0,18.0
278661,53,0.0,41.0
278692,36,0.0,20.0
278663,12,0.0,18.0
278734,24,1.0,22.0
278776,66,0.0,19.0
278735,62,0.0,0.0
278693,69,1.0,20.0
278665,64,1.0,0.0
278666,12,1.0,19.0
278681,12,0.0,18.0
278697,41,0.0,18.0
278682,72,0.0,0.0
278698,64,1.0,0.0
278700,64,1.0,24.0
278729,60,0.0,22.0
278763,48,0.0,0.0
278768,66,1.0,21.0
278769,57,0.0,19.0
278770,66,0.0,21.0
278772,71,0.0,0.0
278803,12,0.0,18.0
278773,64,0.0,19.0
278774,69,1.0,20.0
279200,14,0.0,0.0
279280,47,0.0,19.0
279512,74,0.0,0.0
279992,64,0.0,0.0
280879,53,0.0,19.0
280912,72,0.0,0.0
281099,41,1.0,29.0
281487,83,0.0,15.0
281724,64,0.0,28.0
282110,12,0.0,0.0
282244,60,1.0,18.0
282457,12,0.0,29.0
282949,83,1.0,28.0
283364,83,1.0,0.0
283871,12,0.0,18.0
283873,57,0.0,15.0
285461,88,0.0,0.0
285720,67,0.0,18.0
287631,52,0.0,21.0
287605,69,1.0,23.0
287752,64,1.0,22.0
287976,52,0.0,0.0
288314,64,1.0,12.0
289850,71,0.0,15.0
292555,67,1.0,21.0
294470,62,0.0,19.0
296859,79,0.0,19.0
298810,66,0.0,18.0
299454,69,0.0,0.0
299529,12,0.0,38.0
300540,12,0.0,18.0
301006,21,0.0,0.0
301199,33,0.0,0.0
301310,72,1.0,21.0
301374,74,1.0,19.0
301376,67,0.0,19.0
301379,69,1.0,20.0
301418,66,0.0,0.0
301519,53,1.0,0.0
301524,22,1.0,0.0
301390,66,1.0,0.0
301514,52,1.0,20.0
301515,66,1.0,19.0
301913,62,0.0,0.0
301934,62,0.0,20.0
302047,64,1.0,21.0
302153,14,1.0,0.0
302180,71,1.0,0.0
302183,12,0.0,18.0
302187,33,0.0,18.0
302188,86,0.0,17.0
302189,53,0.0,17.0
302190,17,0.0,18.0
303185,60,0.0,20.0
303522,69,0.0,21.0
303715,14,1.0,30.0
304320,84,0.0,15.0
305030,62,0.0,24.0
305395,12,0.0,26.0
305749,66,1.0,24.0
306208,22,0.0,20.0
306695,64,1.0,21.0
306747,12,0.0,20.0
306703,71,0.0,0.0
307134,67,0.0,0.0
308133,59,0.0,26.0
308674,55,0.0,0.0
308837,28,1.0,20.0
309611,55,1.0,20.0
309652,12,1.0,22.0
309653,57,1.0,19.0
309655,64,1.0,25.0
309917,67,1.0,0.0
309921,34,0.0,18.0
310169,47,1.0,22.0
310235,64,0.0,18.0
310119,71,1.0,21.0
310499,69,0.0,26.0
310500,66,0.0,0.0
310945,29,0.0,19.0
311738,69,1.0,18.0
311981,17,0.0,19.0
312224,60,1.0,24.0
312550,76,0.0,20.0
312835,76,0.0,17.0
313441,12,0.0,23.0
313388,66,0.0,21.0
313589,71,0.0,12.0
313818,69,0.0,17.0
314135,60,0.0,18.0
314169,71,0.0,25.0
314903,69,1.0,22.0
314904,19,1.0,29.0
314905,79,0.0,25.0
315239,71,1.0,22.0
316335,59,0.0,0.0
316462,12,0.0,20.0
316638,34,0.0,21.0
316422,12,0.0,21.0
316699,69,0.0,23.0
317640,53,0.0,18.0
317944,12,0.0,0.0
317987,60,1.0,16.0
318101,66,1.0,14.0
319049,83,0.0,18.0
319897,52,0.0,32.0
320583,48,0.0,29.0
320723,53,0.0,23.0
324118,72,1.0,19.0
324805,12,0.0,24.0
324779,40,0.0,32.0
324809,12,0.0,22.0
324992,62,1.0,26.0
324898,59,0.0,22.0
324899,57,1.0,22.0
325119,31,0.0,0.0
325191,71,0.0,21.0
325195,66,0.0,23.0
325427,69,0.0,0.0
326738,59,1.0,0.0
327678,64,0.0,0.0
327682,36,1.0,21.0
327734,62,0.0,20.0
327671,36,1.0,0.0
327808,69,1.0,23.0
327809,67,0.0,21.0
327937,74,1.0,22.0
327966,60,1.0,22.0
327967,74,1.0,20.0
327851,69,0.0,20.0
328131,66,1.0,21.0
328173,57,0.0,24.0
328174,62,1.0,23.0
328175,33,0.0,19.0
328165,12,0.0,21.0
328132,12,1.0,22.0
328133,67,1.0,25.0
328177,64,0.0,17.0
328134,67,0.0,0.0
328136,29,1.0,25.0
328232,57,1.0,22.0
328234,47,0.0,23.0
328236,67,0.0,25.0
328291,55,1.0,24.0
328166,71,1.0,22.0
328167,66,1.0,22.0
328168,66,0.0,26.0
328326,76,1.0,20.0
328228,66,1.0,25.0
328229,19,1.0,19.0
328327,67,1.0,25.0
328230,12,0.0,22.0
328328,74,0.0,0.0
328329,71,0.0,19.0
328330,66,0.0,19.0
328287,28,0.0,25.0
328237,40,1.0,25.0
328331,66,1.0,24.0
328288,66,1.0,21.0
328332,50,0.0,21.0
328238,14,0.0,20.0
328333,86,0.0,17.0
328289,60,1.0,23.0
328334,69,1.0,20.0
328170,47,1.0,23.0
328290,60,0.0,22.0
328335,69,1.0,22.0
328368,52,0.0,20.0
328371,62,1.0,21.0
328373,36,1.0,21.0
328374,60,1.0,19.0
328605,64,1.0,0.0
329645,62,1.0,15.0
329661,14,0.0,22.0
329668,69,0.0,20.0
329799,57,1.0,0.0
329848,41,0.0,24.0
329784,64,1.0,0.0
329785,60,1.0,23.0
330053,71,0.0,15.0
332610,76,0.0,23.0
332667,57,0.0,19.0
334222,67,0.0,20.0
334244,71,1.0,0.0
334382,71,0.0,0.0
334486,59,1.0,22.0
334487,59,0.0,24.0
334488,67,1.0,22.0
334461,60,0.0,21.0
334338,55,0.0,19.0
334462,64,0.0,0.0
334339,71,0.0,0.0
334340,71,0.0,18.0
334463,57,0.0,0.0
334464,69,1.0,21.0
334421,67,1.0,18.0
334422,72,1.0,20.0
334379,57,0.0,0.0
334380,57,1.0,0.0
334427,50,0.0,0.0
334466,60,0.0,24.0
334425,69,0.0,0.0
334467,64,0.0,21.0
334510,66,0.0,23.0
334511,53,1.0,0.0
334512,62,1.0,22.0
334513,12,0.0,21.0
334515,22,0.0,17.0
334482,60,0.0,23.0
334483,12,0.0,19.0
334485,64,0.0,21.0
334604,12,1.0,24.0
334827,16,0.0,14.0
335042,12,0.0,0.0
335038,71,1.0,23.0
335039,66,1.0,23.0
335040,60,0.0,18.0
335187,12,1.0,27.0
335832,12,1.0,0.0
336284,53,0.0,0.0
336418,71,0.0,0.0
337023,66,1.0,19.0
337398,69,0.0,21.0
339635,81,0.0,0.0
344326,36,0.0,39.0
345474,62,1.0,0.0
345607,66,1.0,21.0
348136,74,0.0,17.0
348730,45,0.0,20.0
350423,40,0.0,19.0
350455,19,0.0,18.0
351289,53,1.0,0.0
351439,66,0.0,32.0
353400,62,0.0,28.0
353886,71,1.0,0.0
354200,64,0.0,0.0
354201,66,0.0,10.0
354132,71,0.0,0.0
354318,62,1.0,20.0
354193,66,1.0,21.0
354355,74,1.0,17.0
354499,76,0.0,0.0
354356,71,1.0,23.0
355459,74,1.0,21.0
355568,67,0.0,0.0
355707,29,1.0,0.0
356731,81,0.0,0.0
357459,86,0.0,0.0
358195,60,0.0,0.0
360193,64,0.0,23.0
360816,59,1.0,25.0
362448,12,1.0,35.0
364074,17,0.0,24.0
364648,12,0.0,24.0
364649,14,1.0,45.0
364688,12,0.0,23.0
364731,67,1.0,0.0
364813,41,1.0,22.0
366632,16,1.0,0.0
367246,60,0.0,23.0
367244,60,0.0,0.0
368153,34,0.0,0.0
370167,66,0.0,0.0
370811,64,0.0,17.0
370604,31,1.0,0.0
371160,66,0.0,31.0
371188,66,0.0,0.0
371638,59,0.0,28.0
372671,36,1.0,0.0
372895,21,0.0,22.0
373130,53,1.0,20.0
373789,60,0.0,20.0
374600,12,1.0,11.0
376018,57,0.0,30.0
376544,45,1.0,27.0
377657,53,0.0,23.0
377945,14,1.0,0.0
378360,71,1.0,0.0
378712,69,1.0,18.0
378714,84,0.0,0.0
378701,22,1.0,0.0
380230,71,0.0,0.0
380499,12,0.0,17.0
382455,47,1.0,15.0
383963,64,0.0,23.0
384274,36,0.0,15.0
384453,12,1.0,37.0
384753,64,1.0,22.0
384982,71,0.0,15.0
386187,67,1.0,16.0
388366,60,0.0,23.0
388808,26,1.0,14.0
388953,33,0.0,21.0
389938,40,0.0,21.0
390662,53,0.0,0.0
390677,69,0.0,24.0
390634,79,0.0,0.0
390750,69,0.0,0.0
394462,33,0.0,29.0
394841,71,1.0,0.0
395048,64,0.0,0.0
395902,66,1.0,24.0
396154,60,0.0,23.0
396098,59,0.0,22.0
397066,67,1.0,0.0
397184,24,1.0,18.0
397345,12,0.0,0.0
398271,12,1.0,10.0
399495,12,1.0,28.0
399663,59,0.0,24.0
399521,16,0.0,23.0
400278,60,1.0,27.0
400281,57,1.0,23.0
400270,26,0.0,19.0
400284,47,1.0,34.0
400239,69,1.0,27.0
400273,78,0.0,18.0
400343,66,0.0,0.0
400344,60,1.0,21.0
400345,28,0.0,22.0
400346,71,1.0,0.0
400347,50,1.0,22.0
400531,24,1.0,22.0
400378,57,1.0,23.0
400782,66,1.0,0.0
401234,16,1.0,20.0
401842,12,1.0,40.0
402485,62,1.0,20.0
403411,55,0.0,17.0
404287,47,0.0,18.0
404656,67,1.0,29.0
405734,79,0.0,12.0
406276,69,0.0,0.0
406301,71,0.0,19.0
406458,71,0.0,23.0
406520,12,0.0,0.0
406731,12,1.0,26.0
407532,12,0.0,23.0
407698,55,1.0,27.0
408539,12,1.0,19.0
408963,69,1.0,27.0
408987,21,0.0,29.0
409028,72,0.0,21.0
409029,67,0.0,18.0
409351,69,0.0,22.0
409381,64,1.0,26.0
409297,52,0.0,24.0
409382,45,0.0,23.0
409298,71,1.0,14.0
409411,12,1.0,0.0
409383,67,0.0,23.0
409303,53,0.0,23.0
409345,66,0.0,23.0
409346,12,0.0,0.0
409348,12,0.0,22.0
409349,55,0.0,0.0
409378,62,1.0,0.0
409379,26,0.0,22.0
409380,12,0.0,0.0
409409,66,0.0,24.0
409410,14,1.0,0.0
409842,71,1.0,18.0
409738,64,0.0,21.0
409986,12,0.0,22.0
409988,69,1.0,23.0
409962,57,1.0,0.0
409965,59,1.0,31.0
409990,48,1.0,22.0
410247,21,0.0,22.0
410293,64,1.0,20.0
410796,64,1.0,20.0
410929,12,1.0,24.0
410930,67,1.0,18.0
410944,67,1.0,24.0
410932,34,1.0,21.0
410945,55,1.0,23.0
411001,67,1.0,21.0
411002,69,1.0,20.0
411003,45,0.0,0.0
411062,12,1.0,21.0
411025,57,1.0,0.0
411000,71,1.0,21.0
411233,40,0.0,15.0
411251,12,0.0,19.0
411252,71,1.0,22.0
411411,55,1.0,19.0
411254,12,0.0,0.0
411502,12,0.0,0.0
412158,67,0.0,18.0
412193,62,1.0,20.0
413274,71,1.0,21.0
413640,14,1.0,20.0
414404,69,0.0,0.0
414592,76,1.0,21.0
414901,69,1.0,15.0
414854,53,0.0,20.0
415738,12,0.0,20.0
415963,62,0.0,19.0
415950,24,1.0,24.0
416627,60,0.0,0.0
416628,62,0.0,0.0
416629,64,0.0,16.0
416621,14,0.0,16.0
416624,12,0.0,0.0
416711,67,0.0,17.0
416712,60,0.0,0.0
416713,60,0.0,19.0
417102,12,0.0,18.0
417318,31,1.0,18.0
417608,45,1.0,0.0
417721,67,0.0,25.0
417863,71,0.0,18.0
418180,69,1.0,18.0
418125,66,1.0,0.0
418165,60,1.0,0.0
418166,74,1.0,18.0
418167,66,1.0,20.0
418196,62,1.0,0.0
418197,69,1.0,22.0
418199,74,1.0,0.0
418200,78,0.0,0.0
418368,67,0.0,19.0
418330,69,1.0,22.0
418369,69,0.0,0.0
418370,71,0.0,18.0
418371,67,1.0,20.0
418372,71,0.0,19.0
418373,67,1.0,19.0
418374,71,0.0,20.0
418255,12,1.0,28.0
418256,64,0.0,40.0
418434,66,0.0,19.0
418257,66,0.0,0.0
418376,12,0.0,31.0
418258,81,1.0,21.0
418259,67,0.0,0.0
418260,12,0.0,0.0
418491,36,1.0,0.0
418401,67,1.0,19.0
418289,55,1.0,18.0
418406,66,0.0,19.0
418410,69,0.0,0.0
418675,71,1.0,20.0
418676,12,1.0,20.0
418677,66,1.0,0.0
418678,52,1.0,0.0
419452,67,0.0,15.0
419585,67,1.0,20.0
419556,72,1.0,20.0
419557,67,1.0,19.0
419558,24,0.0,19.0
420501,57,1.0,24.0
421384,67,0.0,31.0
421385,69,1.0,28.0
421467,60,1.0,0.0
421732,33,0.0,21.0
421966,64,1.0,0.0
422109,69,1.0,24.0
421964,17,0.0,24.0
421965,67,1.0,19.0
422387,12,1.0,20.0
423443,66,0.0,19.0
424170,72,0.0,11.0
424241,71,0.0,0.0
424243,90,0.0,0.0
424677,55,0.0,22.0
424794,12,0.0,0.0
427308,43,0.0,11.0
427521,12,1.0,21.0
427876,74,1.0,18.0
428000,62,1.0,33.0
427984,67,1.0,28.0
428329,50,1.0,0.0
428539,64,1.0,19.0
428540,60,0.0,20.0
428542,66,0.0,20.0
428543,69,1.0,18.0
428544,19,0.0,20.0
428568,69,1.0,19.0
428663,59,1.0,19.0
428570,64,1.0,0.0
428855,72,0.0,0.0
430083,66,0.0,20.0
430084,41,0.0,21.0
430086,57,0.0,21.0
430087,64,1.0,29.0
430088,12,0.0,0.0
430127,69,0.0,21.0
430031,74,1.0,23.0
430089,24,0.0,0.0
430129,67,0.0,19.0
430033,81,0.0,22.0
430143,26,0.0,20.0
430144,12,0.0,20.0
430125,50,0.0,21.0
430195,55,0.0,21.0
430423,59,1.0,0.0
431059,19,0.0,0.0
432106,72,0.0,43.0
432214,69,1.0,29.0
435997,79,1.0,15.0
437041,28,0.0,23.0
439169,12,0.0,0.0
439646,76,1.0,0.0
440278,45,0.0,16.0
441144,69,0.0,0.0
442893,76,0.0,12.0
443558,74,0.0,0.0
444380,55,1.0,27.0
444383,71,1.0,18.0
444384,67,0.0,0.0
444386,60,1.0,0.0
444496,67,1.0,0.0
444497,62,1.0,0.0
444498,60,0.0,0.0
444530,71,1.0,0.0
444531,12,0.0,0.0
444495,55,1.0,17.0
444533,12,1.0,17.0
444499,84,0.0,18.0
444446,72,1.0,18.0
444500,55,1.0,0.0
444447,33,1.0,35.0
444536,59,1.0,18.0
444501,69,1.0,0.0
444502,21,0.0,0.0
444631,52,1.0,0.0
444632,28,1.0,19.0
444633,64,0.0,16.0
444634,43,1.0,0.0
444636,59,1.0,20.0
444662,71,0.0,21.0
444638,12,1.0,0.0
444639,53,0.0,17.0
444739,72,1.0,17.0
444665,14,1.0,17.0
444577,71,1.0,17.0
444727,71,0.0,18.0
444716,38,1.0,22.0
444578,60,1.0,19.0
444579,64,1.0,19.0
444719,71,1.0,0.0
444581,12,0.0,0.0
444582,76,0.0,0.0
444790,14,1.0,26.0
444793,74,1.0,0.0
444741,55,0.0,14.0
444666,62,0.0,16.0
444742,72,1.0,18.0
444733,69,1.0,0.0
444734,12,0.0,12.0
444668,21,1.0,0.0
444675,71,0.0,0.0
445919,12,0.0,0.0
446971,64,1.0,0.0
448952,12,0.0,16.0
448954,62,1.0,0.0
448955,84,0.0,0.0
448983,60,1.0,20.0
448948,67,1.0,0.0
448949,69,0.0,0.0
449705,69,1.0,22.0
451926,36,0.0,0.0
451945,47,0.0,34.0
452276,57,1.0,0.0
452422,64,1.0,18.0
452696,19,1.0,22.0
452791,66,1.0,0.0
452792,72,0.0,15.0
452793,64,0.0,0.0
452577,14,0.0,18.0
452807,14,1.0,0.0
452853,12,0.0,0.0
452854,62,0.0,0.0
452855,17,0.0,15.0
452856,67,1.0,0.0
452857,71,1.0,0.0
452896,53,1.0,18.0
452929,12,0.0,0.0
452930,41,1.0,15.0
452895,55,0.0,18.0
453844,67,1.0,24.0
454211,24,1.0,15.0
454489,67,0.0,16.0
454483,66,1.0,15.0
454484,66,0.0,14.0
454491,67,0.0,15.0
454493,66,0.0,13.0
454495,83,0.0,14.0
454497,50,1.0,0.0
454947,81,1.0,17.0
455389,72,0.0,0.0
455693,64,0.0,0.0
458124,17,0.0,24.0
462947,67,0.0,19.0
463291,55,0.0,14.0
463290,62,0.0,0.0
464722,67,0.0,21.0
466706,71,0.0,47.0
467012,79,1.0,21.0
467015,48,0.0,0.0
467046,16,1.0,0.0
470617,12,0.0,14.0
471104,71,1.0,0.0
471886,76,1.0,11.0
472051,48,1.0,43.0
472097,12,0.0,0.0
472046,12,1.0,24.0
472267,47,1.0,26.0
472352,31,0.0,25.0
472355,14,1.0,24.0
472404,55,1.0,24.0
472731,83,1.0,18.0
472734,12,1.0,23.0
472736,71,1.0,27.0
472739,62,1.0,25.0
473434,71,0.0,14.0
474178,12,0.0,20.0
474180,12,0.0,20.0
474248,45,0.0,0.0
474251,69,0.0,19.0
474325,41,0.0,0.0
474326,71,1.0,0.0
474327,79,0.0,21.0
474328,64,0.0,20.0
474571,78,0.0,17.0
474574,57,0.0,17.0
474576,72,0.0,17.0
474723,84,0.0,21.0
474597,59,0.0,0.0
474598,67,0.0,16.0
474599,21,0.0,17.0
474842,57,0.0,25.0
474828,31,0.0,17.0
474887,78,0.0,0.0
474933,57,0.0,17.0
474935,29,0.0,21.0
474820,71,0.0,22.0
474822,83,0.0,18.0
474996,78,0.0,16.0
474985,43,0.0,17.0
474988,55,0.0,18.0
475062,59,0.0,16.0
477121,69,0.0,20.0
477366,66,0.0,15.0
478401,52,0.0,20.0
478512,67,1.0,21.0
478513,62,0.0,21.0
478514,38,1.0,20.0
478470,47,1.0,0.0
479608,36,0.0,0.0
480436,47,1.0,23.0
480431,66,1.0,20.0
481828,21,1.0,0.0
485303,12,1.0,17.0
487401,66,0.0,34.0
489148,12,0.0,18.0
491598,52,0.0,24.0
492066,67,1.0,25.0
492685,41,0.0,22.0
494696,76,1.0,20.0
494755,69,1.0,19.0
495676,60,0.0,27.0
496178,67,0.0,0.0
498633,76,0.0,18.0
498769,64,1.0,0.0
498814,17,0.0,17.0
498785,66,1.0,20.0
498786,76,0.0,16.0
498833,74,0.0,16.0
498834,72,1.0,18.0
498855,19,0.0,0.0
500644,43,1.0,19.0
500919,55,0.0,14.0
502419,17,1.0,0.0
503233,64,1.0,15.0
504726,12,1.0,13.0
504902,57,0.0,22.0
505099,12,0.0,0.0
505894,71,0.0,0.0
505843,57,1.0,0.0
507229,45,1.0,21.0
507604,57,1.0,30.0
508591,22,1.0,22.0
509196,43,1.0,0.0
511366,59,0.0,13.0
511367,55,0.0,31.0
511360,62,1.0,0.0
511361,74,1.0,15.0
511365,48,0.0,12.0
511738,41,1.0,37.0
515009,55,1.0,24.0
516502,12,1.0,21.0
517812,12,0.0,17.0
518318,74,0.0,0.0
519663,69,1.0,22.0
519929,67,1.0,18.0
519892,72,0.0,15.0
520697,60,1.0,31.0
520892,74,1.0,12.0
521363,71,0.0,14.0
521933,12,1.0,22.0
522998,12,0.0,17.0
524061,29,1.0,0.0
525047,12,0.0,20.0
525794,12,0.0,15.0
526031,67,0.0,16.0
526987,66,1.0,0.0
527681,12,1.0,23.0
529749,12,0.0,25.0
531087,12,0.0,22.0
531708,71,0.0,14.0
531695,53,1.0,15.0
531767,64,0.0,16.0
531768,64,0.0,14.0
532540,64,1.0,0.0
533111,12,0.0,0.0
533188,34,0.0,44.0
533300,76,0.0,15.0
534182,66,0.0,0.0
539560,41,1.0,0.0
539562,60,1.0,21.0
539526,71,1.0,0.0
539686,22,1.0,21.0
539687,16,1.0,19.0
539688,60,0.0,18.0
539587,62,1.0,21.0
539689,40,0.0,17.0
539593,67,0.0,21.0
539747,66,1.0,16.0
539748,59,0.0,0.0
539750,12,1.0,0.0
539751,67,1.0,18.0
539821,67,0.0,17.0
539822,57,1.0,0.0
539685,52,1.0,13.0
539824,69,1.0,18.0
539820,64,1.0,17.0
539788,66,1.0,0.0
539789,43,0.0,0.0
539790,12,1.0,0.0
539924,62,1.0,17.0
540193,12,0.0,34.0
540486,12,0.0,0.0
541473,50,1.0,21.0
541527,62,1.0,0.0
541529,69,1.0,23.0
541690,12,0.0,18.0
541843,52,0.0,26.0
542964,43,1.0,27.0
543729,72,0.0,24.0
543730,64,1.0,31.0
543731,36,0.0,21.0
543906,12,0.0,0.0
543907,12,0.0,28.0
543908,12,0.0,20.0
543910,12,1.0,0.0
543911,67,0.0,0.0
543895,43,0.0,0.0
543896,53,1.0,30.0
544552,59,0.0,0.0
547185,55,0.0,9.0
547281,60,0.0,21.0
547283,40,0.0,0.0
548937,66,1.0,17.0
549508,12,0.0,0.0
549919,14,0.0,22.0
549904,69,0.0,16.0
550242,52,0.0,25.0
552860,12,0.0,29.0
553147,47,0.0,24.0
553615,12,0.0,14.0
553974,12,0.0,18.0
554146,66,0.0,19.0
555913,69,1.0,25.0
556670,53,1.0,0.0
556876,67,0.0,0.0
556910,55,1.0,29.0
556874,71,1.0,18.0
556956,59,1.0,29.0
557050,47,0.0,27.0
557051,62,1.0,19.0
557052,67,1.0,19.0
557053,62,1.0,0.0
557133,67,1.0,24.0
556958,19,1.0,0.0
557078,59,0.0,28.0
557079,62,0.0,0.0
557326,12,1.0,33.0
557228,12,1.0,23.0
557328,55,1.0,23.0
557329,62,0.0,20.0
557324,64,1.0,27.0
558749,38,0.0,18.0
558913,57,0.0,20.0
559128,67,0.0,22.0
559103,67,1.0,20.0
559694,12,1.0,29.0
560226,55,1.0,33.0
560218,69,0.0,9.0
560219,16,1.0,0.0
560311,59,1.0,29.0
560313,43,1.0,0.0
560316,64,1.0,27.0
560343,47,1.0,0.0
560319,62,1.0,21.0
560346,36,0.0,0.0
560322,64,0.0,0.0
560392,38,0.0,19.0
560502,60,0.0,19.0
561109,64,1.0,23.0
561132,29,0.0,27.0
561888,22,1.0,0.0
562018,64,1.0,21.0
562123,17,1.0,20.0
563063,12,0.0,0.0
563081,12,0.0,21.0
563083,55,0.0,21.0
563084,12,0.0,0.0
563085,67,1.0,21.0
563190,69,0.0,0.0
563621,76,0.0,18.0
566469,64,0.0,0.0
567539,69,0.0,0.0
568623,17,1.0,21.0
569001,67,0.0,11.0
569249,12,1.0,22.0
571156,64,1.0,19.0
572862,62,1.0,21.0
572864,53,1.0,0.0
572948,60,0.0,25.0
572949,12,0.0,0.0
572952,69,1.0,24.0
572803,48,1.0,18.0
572954,66,1.0,20.0
572980,69,0.0,20.0
572955,59,1.0,21.0
572983,64,0.0,21.0
576106,17,0.0,0.0
577106,14,1.0,30.0
577594,78,0.0,18.0
578018,12,0.0,0.0
578433,66,1.0,21.0
580554,53,0.0,24.0
580825,66,1.0,30.0
581513,21,1.0,16.0
584535,64,1.0,27.0
584968,14,1.0,0.0
585427,74,0.0,0.0
586844,12,1.0,0.0
587034,69,0.0,16.0
587537,66,1.0,22.0
588534,62,0.0,18.0
588777,57,0.0,0.0
589315,52,0.0,18.0
590106,48,0.0,0.0
591077,12,1.0,21.0
591078,12,1.0,22.0
591079,66,1.0,23.0
591082,59,1.0,21.0
591084,71,0.0,12.0
591086,57,1.0,14.0
591948,53,0.0,17.0
594256,12,0.0,17.0
594710,81,0.0,0.0
595212,64,0.0,0.0
595331,57,1.0,25.0
595359,55,1.0,0.0
595361,76,1.0,10.0
595362,12,1.0,16.0
595486,48,0.0,16.0
595487,67,1.0,0.0
595493,62,0.0,18.0
595485,60,0.0,10.0
595513,50,1.0,16.0
595514,79,0.0,14.0
595515,66,0.0,16.0
595542,69,0.0,17.0
596326,60,1.0,17.0
596383,45,1.0,40.0
596892,55,1.0,26.0
597036,69,1.0,16.0
601602,62,1.0,15.0
602230,52,1.0,17.0
604430,52,1.0,11.0
604773,48,1.0,19.0
604673,40,0.0,0.0
604972,71,1.0,0.0
605276,50,1.0,19.0
605277,71,1.0,0.0
605278,57,1.0,16.0
605320,66,1.0,24.0
605390,52,0.0,27.0
605393,12,1.0,0.0
605368,62,1.0,22.0
605649,67,1.0,19.0
607383,71,0.0,20.0
608270,64,0.0,22.0
608217,60,1.0,15.0
608367,47,0.0,24.0
608370,74,1.0,27.0
608411,47,1.0,23.0
608506,62,1.0,0.0
608502,71,1.0,0.0
608985,59,1.0,33.0
609995,12,0.0,0.0
612184,59,0.0,15.0
612135,76,1.0,30.0
613727,19,0.0,12.0
614181,60,1.0,23.0
614282,60,1.0,28.0
615099,64,1.0,21.0
615770,71,0.0,0.0
615917,76,1.0,18.0
615912,66,1.0,31.0
615881,66,0.0,23.0
616167,66,1.0,25.0
616227,66,1.0,17.0
616139,62,1.0,19.0
618187,67,1.0,26.0
618176,62,1.0,19.0
619544,55,1.0,0.0
619952,60,0.0,0.0
619955,60,0.0,29.0
621356,71,1.0,19.0
621694,71,0.0,11.0
621695,59,0.0,0.0
621903,59,1.0,39.0
622412,64,1.0,0.0
622213,57,1.0,0.0
622524,72,1.0,14.0
623664,59,0.0,0.0
624129,41,0.0,28.0
630089,59,0.0,22.0
631033,69,1.0,16.0
631034,59,1.0,27.0
631061,66,0.0,0.0
631035,66,1.0,0.0
634667,67,1.0,16.0
636787,83,1.0,16.0
638058,12,1.0,17.0
639120,66,1.0,19.0
639393,12,1.0,0.0
639908,12,1.0,23.0
639910,59,0.0,17.0
640138,14,1.0,0.0
640227,16,1.0,21.0
640323,16,1.0,11.0
640324,74,1.0,0.0
640397,12,0.0,17.0
640385,47,0.0,28.0
640386,57,1.0,19.0
640417,50,1.0,0.0
640456,60,1.0,21.0
640459,62,1.0,17.0
640421,41,1.0,54.0
640341,16,1.0,0.0
640506,59,0.0,0.0
641056,69,1.0,0.0
641057,74,0.0,0.0
641058,14,0.0,0.0
641047,12,0.0,15.0
640993,52,1.0,18.0
641116,12,1.0,12.0
641150,72,1.0,22.0
641088,60,1.0,0.0
640977,62,1.0,0.0
641191,12,1.0,0.0
641049,66,1.0,14.0
641050,19,0.0,0.0
641158,64,0.0,0.0
641192,22,0.0,18.0
641051,67,0.0,13.0
641159,69,1.0,19.0
641193,55,1.0,0.0
641160,72,1.0,14.0
641187,79,1.0,0.0
641190,59,1.0,0.0
641230,64,1.0,14.0
641352,59,1.0,16.0
641801,69,1.0,0.0
642692,14,0.0,0.0
643197,33,1.0,20.0
645304,47,0.0,25.0
645593,60,1.0,26.0
646682,71,1.0,20.0
647740,12,1.0,0.0
648168,12,1.0,25.0
648368,71,1.0,22.0
648721,33,0.0,23.0
648711,47,0.0,28.0
648645,48,1.0,0.0
648885,69,0.0,18.0
649123,14,1.0,11.0
651574,66,1.0,0.0
652689,71,1.0,8.0
653220,43,0.0,16.0
653302,12,0.0,0.0
655932,62,1.0,32.0
656728,57,0.0,49.0
656981,12,1.0,11.0
656982,12,1.0,12.0
657796,53,1.0,0.0
658225,74,1.0,0.0
658295,12,0.0,12.0
659982,55,1.0,0.0
660479,50,1.0,0.0
660627,12,1.0,29.0
661198,21,1.0,0.0
661472,74,0.0,0.0
661537,76,0.0,0.0
661481,69,0.0,21.0
661542,43,0.0,21.0
661579,59,0.0,21.0
661520,14,1.0,25.0
661800,12,0.0,12.0
662458,66,0.0,0.0
663039,66,0.0,16.0
663048,12,1.0,9.0
663138,60,0.0,0.0
663226,12,1.0,0.0
663143,55,1.0,25.0
663135,64,0.0,10.0
663172,40,0.0,0.0
663175,57,0.0,0.0
665605,12,0.0,0.0
666197,66,1.0,24.0
666070,69,1.0,24.0
666060,71,1.0,23.0
671106,66,0.0,23.0
672752,66,1.0,27.0
672753,21,1.0,17.0
672754,67,1.0,0.0
672805,60,1.0,13.0
672806,12,1.0,0.0
672885,38,1.0,19.0
675380,78,0.0,0.0
678152,12,0.0,37.0
678244,59,1.0,0.0
679877,69,0.0,17.0
679851,67,0.0,0.0
680317,12,0.0,12.0
680397,41,0.0,13.0
681134,12,1.0,27.0
681279,67,0.0,23.0
681210,12,0.0,25.0
681528,59,1.0,15.0
685664,12,0.0,0.0
687827,72,0.0,0.0
687734,69,0.0,11.0
687735,83,1.0,15.0
687916,67,0.0,16.0
687917,12,1.0,0.0
687918,60,1.0,0.0
687936,57,1.0,16.0
687937,59,0.0,37.0
687939,36,1.0,20.0
687879,84,0.0,0.0
687881,48,0.0,0.0
687821,64,1.0,18.0
687822,36,0.0,0.0
687914,12,0.0,0.0
689795,64,0.0,32.0
690919,12,1.0,20.0
690920,28,1.0,0.0
690924,71,0.0,12.0
690868,59,0.0,26.0
691086,12,1.0,0.0
691028,64,1.0,15.0
690969,14,1.0,7.0
691076,78,1.0,12.0
691122,81,1.0,16.0
691170,41,0.0,0.0
692131,17,0.0,0.0
694362,50,1.0,18.0
695952,64,1.0,18.0
696168,48,1.0,0.0
696746,64,0.0,34.0
696856,72,0.0,21.0
697852,45,0.0,16.0
697871,72,1.0,12.0
699445,57,1.0,0.0
699447,26,1.0,29.0
699450,48,0.0,20.0
699517,34,0.0,0.0
699519,53,1.0,0.0
700471,12,0.0,27.0
701925,79,1.0,20.0
702030,12,0.0,0.0
702712,48,1.0,22.0
703121,71,1.0,21.0
703238,62,1.0,24.0
703548,50,1.0,30.0
703378,12,1.0,15.0
703756,57,0.0,0.0
703702,12,1.0,15.0
703752,55,0.0,12.0
703753,36,1.0,20.0
703767,83,0.0,0.0
703768,34,0.0,39.0
704128,34,0.0,0.0
704266,43,1.0,23.0
704273,66,0.0,22.0
704265,55,1.0,22.0
705234,62,1.0,14.0
707042,72,0.0,0.0
709185,69,0.0,22.0
712187,47,0.0,12.0
714159,69,0.0,14.0
714357,60,0.0,18.0
716930,67,0.0,11.0
716916,69,0.0,28.0
717168,67,0.0,32.0
718982,66,0.0,17.0
719048,40,1.0,10.0
720159,64,0.0,14.0
720283,76,0.0,0.0
722851,67,0.0,30.0
722811,12,1.0,0.0
722915,72,1.0,0.0
722849,62,0.0,0.0
722850,26,0.0,24.0
723633,57,0.0,0.0
723911,47,0.0,18.0
723912,57,1.0,28.0
724828,59,1.0,17.0
724829,69,0.0,16.0
725124,53,0.0,36.0
725169,53,0.0,28.0
725125,50,0.0,31.0
725172,47,0.0,29.0
726241,60,1.0,31.0
726160,72,1.0,18.0
726326,59,0.0,0.0
726723,66,1.0,25.0
728295,14,0.0,13.0
728633,72,0.0,0.0
730053,62,0.0,0.0
730703,64,1.0,29.0
734081,22,0.0,0.0
737779,34,0.0,0.0
738098,71,1.0,0.0
738156,69,0.0,23.0
738982,88,0.0,11.0
739224,12,0.0,0.0
740254,53,0.0,15.0
741682,12,0.0,51.0
741683,71,0.0,15.0
741684,12,1.0,21.0
741685,12,1.0,11.0
741686,47,1.0,14.0
741687,14,1.0,12.0
741688,60,0.0,43.0
741689,69,0.0,0.0
741690,71,1.0,49.0
742796,52,0.0,34.0
743191,67,0.0,0.0
743188,48,1.0,11.0
743189,67,0.0,0.0
743190,67,0.0,0.0
743319,34,0.0,42.0
743174,60,0.0,0.0
743361,72,0.0,0.0
743158,12,0.0,14.0
743363,57,1.0,0.0
743439,72,1.0,16.0
743366,57,1.0,0.0
743440,69,0.0,17.0
743367,12,1.0,18.0
743160,12,0.0,0.0
744247,74,0.0,0.0
744423,16,1.0,0.0
744424,64,1.0,19.0
744456,12,0.0,22.0
744457,34,0.0,21.0
744833,31,0.0,19.0
750590,69,1.0,26.0
750858,60,0.0,20.0
751231,62,1.0,0.0
751232,72,0.0,0.0
751325,66,0.0,12.0
751251,41,1.0,14.0
751230,57,0.0,11.0
751534,83,1.0,14.0
752713,41,0.0,0.0
756609,47,1.0,27.0
759346,12,0.0,32.0
761001,66,0.0,12.0
761423,12,1.0,0.0
761522,12,0.0,0.0
761596,95,0.0,0.0
761516,83,1.0,0.0
761635,67,0.0,18.0
761638,50,1.0,18.0
761751,22,0.0,15.0
761532,12,1.0,0.0
762215,12,1.0,16.0
762509,67,0.0,14.0
762527,21,1.0,0.0
762510,55,0.0,17.0
762528,60,0.0,17.0
762858,19,1.0,0.0
763443,21,0.0,0.0
763917,72,0.0,23.0
764864,62,1.0,0.0
765181,64,1.0,0.0
765174,66,1.0,17.0
765178,59,1.0,17.0
765179,14,1.0,18.0
765201,71,1.0,16.0
765231,59,0.0,0.0
765165,12,1.0,0.0
765710,67,1.0,0.0
765857,64,0.0,0.0
765858,72,0.0,0.0
765806,59,0.0,28.0
765890,55,1.0,16.0
765962,76,0.0,0.0
765891,66,1.0,27.0
765921,57,1.0,29.0
765979,62,1.0,16.0
765981,78,1.0,16.0
766060,43,0.0,25.0
766050,69,0.0,16.0
766472,66,1.0,0.0
767731,53,0.0,0.0
768050,76,1.0,14.0
767934,43,0.0,27.0
768286,62,1.0,24.0
768333,74,1.0,16.0
768579,62,0.0,18.0
769319,69,0.0,20.0
771065,12,0.0,0.0
771041,74,1.0,18.0
771072,12,0.0,17.0
771104,64,1.0,17.0
772460,34,1.0,13.0
773252,66,1.0,23.0
774336,71,1.0,0.0
775149,67,1.0,0.0
775150,45,1.0,0.0
775200,62,1.0,19.0
775184,67,1.0,14.0
775675,57,1.0,26.0
775676,12,0.0,0.0
775734,69,1.0,19.0
775943,60,1.0,14.0
776198,66,0.0,11.0
776246,64,0.0,16.0
776200,69,1.0,12.0
776201,12,1.0,12.0
776202,71,1.0,12.0
776262,60,1.0,24.0
777476,40,0.0,20.0
777771,64,1.0,23.0
777784,48,1.0,21.0
777786,64,0.0,20.0
777717,57,1.0,20.0
777689,66,1.0,21.0
777718,59,0.0,19.0
777702,52,0.0,0.0
777690,48,0.0,18.0
777703,67,1.0,23.0
777822,43,0.0,23.0
778087,34,1.0,0.0
778433,60,0.0,27.0
779266,12,1.0,0.0
779222,12,1.0,29.0
779440,67,1.0,0.0
779652,14,0.0,0.0
779998,71,0.0,0.0
781340,64,1.0,34.0
781902,59,0.0,40.0
781904,12,1.0,0.0
783037,64,0.0,0.0
783999,12,1.0,0.0
784000,69,0.0,0.0
784783,12,0.0,14.0
785924,40,0.0,15.0
786586,12,1.0,26.0
786587,57,1.0,29.0
786535,69,1.0,0.0
786585,71,0.0,23.0
786732,12,1.0,42.0
787320,12,0.0,40.0
787666,12,0.0,0.0
788388,55,1.0,16.0
788453,12,0.0,0.0
788626,12,0.0,27.0
788588,36,1.0,22.0
789795,12,0.0,19.0
790894,66,1.0,0.0
792897,29,1.0,0.0
794344,45,0.0,23.0
794345,64,1.0,27.0
795472,74,0.0,0.0
797168,12,1.0,15.0
797139,66,1.0,15.0
797174,71,1.0,18.0
798236,55,1.0,17.0
798263,24,0.0,24.0
800502,52,1.0,0.0
802426,62,0.0,0.0
804781,66,0.0,43.0
805546,43,0.0,0.0
805495,72,0.0,16.0
805420,71,0.0,9.0
805460,71,0.0,0.0
805526,64,1.0,13.0
805462,41,0.0,0.0
805751,69,1.0,22.0
805722,66,0.0,26.0
805967,16,0.0,0.0
806911,64,0.0,21.0
807380,69,1.0,20.0
807681,66,1.0,0.0
808024,55,1.0,46.0
808558,22,0.0,15.0
810210,64,0.0,26.0
811259,40,1.0,17.0
812658,34,0.0,0.0
814858,50,0.0,20.0
817223,64,1.0,25.0
817191,64,0.0,24.0
817283,64,1.0,27.0
817285,62,0.0,27.0
817286,59,1.0,31.0
817328,62,1.0,28.0
817447,64,1.0,20.0
817585,52,0.0,27.0
817655,12,0.0,9.0
817933,26,1.0,0.0
818611,66,0.0,27.0
821688,53,0.0,0.0
821750,60,1.0,0.0
821685,55,0.0,20.0
821751,55,1.0,21.0
822795,59,0.0,27.0
826565,71,0.0,16.0
826729,17,1.0,27.0
827695,12,0.0,14.0
828116,72,1.0,12.0
828117,60,0.0,12.0
828144,69,1.0,12.0
828145,12,1.0,26.0
828146,14,0.0,0.0
828147,71,0.0,0.0
828762,69,1.0,0.0
829330,71,0.0,15.0
829332,16,1.0,0.0
829455,41,1.0,16.0
829806,74,1.0,19.0
829836,24,0.0,27.0
829828,67,1.0,22.0
829829,66,1.0,23.0
829897,67,0.0,0.0
830011,62,1.0,23.0
829994,59,1.0,19.0
830300,74,0.0,0.0
830078,88,0.0,11.0
830385,14,1.0,24.0
830581,72,1.0,0.0
830560,84,0.0,0.0
830562,59,1.0,15.0
830614,55,1.0,0.0
830324,33,0.0,22.0
830616,50,0.0,24.0
830617,67,1.0,0.0
830580,66,0.0,15.0
830785,55,0.0,14.0
831339,66,1.0,0.0
831531,12,1.0,0.0
831682,53,0.0,0.0
831585,41,0.0,12.0
832114,72,1.0,13.0
832110,16,0.0,38.0
832179,69,0.0,20.0
832374,14,1.0,0.0
832376,74,1.0,16.0
832304,74,0.0,18.0
832490,12,1.0,0.0
832475,12,1.0,0.0
834597,12,0.0,17.0
834995,69,0.0,0.0
835036,12,1.0,13.0
835003,12,1.0,17.0
836056,78,0.0,39.0
836181,14,1.0,13.0
836615,12,0.0,17.0
836775,74,0.0,16.0
837038,76,0.0,14.0
837148,76,1.0,25.0
837979,12,0.0,14.0
837942,62,0.0,13.0
838917,81,0.0,0.0
839035,79,0.0,15.0
839038,59,1.0,0.0
839040,52,0.0,12.0
839061,59,0.0,0.0
839728,64,0.0,19.0
842900,66,1.0,15.0
843951,12,1.0,53.0
844381,60,0.0,21.0
844436,60,0.0,0.0
845557,71,1.0,15.0
845995,83,0.0,37.0
846276,31,0.0,14.0
846331,72,0.0,0.0
846364,52,1.0,0.0
846353,72,0.0,0.0
846826,67,0.0,0.0
847018,47,1.0,0.0
847117,12,0.0,0.0
847135,60,0.0,26.0
847118,12,0.0,0.0
847164,33,0.0,26.0
847167,59,1.0,14.0
847222,12,0.0,27.0
847253,21,0.0,0.0
847226,36,0.0,24.0
847286,53,0.0,25.0
847287,12,1.0,0.0
847288,50,0.0,25.0
849759,62,0.0,0.0
850187,52,0.0,23.0
849911,45,0.0,18.0
850580,60,1.0,17.0
850600,71,1.0,14.0
851461,47,1.0,11.0
851462,72,1.0,14.0
851463,66,1.0,15.0
851465,43,1.0,16.0
851430,43,1.0,13.0
851459,12,1.0,10.0
851460,69,1.0,10.0
851505,41,1.0,0.0
852304,38,1.0,0.0
853247,21,1.0,0.0
853196,74,0.0,13.0
853214,71,1.0,11.0
856491,71,1.0,30.0
856455,12,0.0,42.0
856684,60,1.0,19.0
856938,62,1.0,0.0
856929,64,1.0,16.0
856939,62,0.0,12.0
856914,72,1.0,15.0
856943,53,1.0,0.0
856944,59,1.0,0.0
856962,62,0.0,0.0
857611,60,0.0,43.0
857528,76,1.0,0.0
858184,55,1.0,0.0
858259,50,1.0,18.0
858328,69,1.0,21.0
859148,12,1.0,0.0
859211,47,1.0,0.0
859213,62,0.0,0.0
859196,41,1.0,31.0
859214,14,0.0,26.0
859197,12,0.0,32.0
859667,66,0.0,0.0
859785,67,1.0,47.0
860589,12,0.0,50.0
860533,50,0.0,26.0
860535,69,0.0,26.0
861094,50,0.0,0.0
861104,59,0.0,10.0
861105,71,0.0,19.0
861144,33,0.0,11.0
861269,67,1.0,0.0
861389,64,1.0,29.0
861519,12,0.0,29.0
861649,62,0.0,11.0
861684,26,0.0,0.0
861708,53,0.0,14.0
861710,53,1.0,0.0
862163,64,0.0,19.0
862278,12,1.0,0.0
862702,66,0.0,0.0
862807,66,0.0,0.0
863252,64,0.0,0.0
864765,33,1.0,0.0
865020,48,1.0,17.0
865416,12,0.0,57.0
865418,69,1.0,16.0
865461,64,1.0,0.0
865339,74,0.0,0.0
865317,64,0.0,0.0
865344,47,0.0,13.0
865347,57,0.0,0.0
865362,78,1.0,14.0
866621,62,0.0,0.0
867847,64,0.0,0.0
868073,57,1.0,21.0
868319,52,0.0,0.0
871777,57,1.0,24.0
871967,12,0.0,0.0
871975,66,1.0,0.0
872327,59,1.0,18.0
872320,57,1.0,19.0
872309,19,1.0,10.0
872310,67,0.0,23.0
873590,66,1.0,0.0
874130,67,1.0,19.0
874507,12,0.0,44.0
875176,12,0.0,0.0
875154,29,0.0,24.0
876923,69,1.0,23.0
878202,64,0.0,25.0
878262,55,1.0,0.0
879199,71,1.0,28.0
879203,71,1.0,24.0
879444,12,0.0,0.0
879507,66,1.0,13.0
880274,12,1.0,35.0
880405,12,1.0,31.0
881006,12,1.0,23.0
881622,71,0.0,22.0
883426,69,0.0,28.0
884396,67,1.0,16.0
884324,64,1.0,16.0
884665,60,0.0,0.0
885308,12,0.0,21.0
887080,62,0.0,13.0
887558,45,0.0,19.0
887575,12,0.0,0.0
887613,74,0.0,29.0
888345,50,0.0,22.0
888398,83,1.0,30.0
888923,12,1.0,25.0
889593,22,0.0,12.0
890563,48,0.0,22.0
890503,57,0.0,17.0
890657,14,0.0,0.0
890658,67,0.0,12.0
890660,71,0.0,11.0
893602,50,0.0,18.0
893712,26,0.0,24.0
893942,60,0.0,30.0
893944,59,1.0,28.0
894018,78,0.0,44.0
895339,66,1.0,25.0
896657,28,1.0,13.0
896717,66,1.0,15.0
896751,50,0.0,0.0
896738,48,1.0,19.0
898231,53,1.0,17.0
898221,71,1.0,0.0
898238,66,1.0,22.0
898229,12,1.0,21.0
898912,40,1.0,19.0
898915,76,0.0,0.0
900800,19,1.0,11.0
900843,50,0.0,22.0
900802,50,1.0,25.0
900806,64,1.0,0.0
903456,12,1.0,0.0
903457,12,1.0,0.0
904515,12,1.0,11.0
905111,12,1.0,16.0
905112,12,1.0,16.0
905257,12,1.0,17.0
905055,12,1.0,16.0
905791,45,0.0,0.0
905678,66,0.0,0.0
906159,12,1.0,0.0
906228,12,0.0,28.0
906256,12,0.0,0.0
906257,62,1.0,53.0
906202,17,1.0,0.0
906255,12,0.0,0.0
906208,60,1.0,25.0
906221,67,1.0,24.0
906235,19,1.0,18.0
906236,12,1.0,27.0
906477,12,1.0,25.0
906504,12,1.0,21.0
906490,71,0.0,16.0
906536,12,1.0,33.0
906712,74,1.0,0.0
907753,55,0.0,0.0
908583,12,0.0,24.0
908839,50,1.0,0.0
908684,29,1.0,0.0
909282,12,0.0,22.0
909636,47,0.0,49.0
909654,16,0.0,0.0
909859,43,0.0,26.0
910284,12,1.0,0.0
910256,12,1.0,20.0
911412,43,0.0,0.0
911977,12,1.0,10.0
912071,71,1.0,38.0
912147,12,0.0,0.0
912085,62,1.0,0.0
912728,12,0.0,29.0
912926,45,1.0,0.0
912748,16,1.0,18.0
913077,43,1.0,35.0
913207,45,1.0,13.0
913577,12,0.0,0.0
913713,12,1.0,16.0
913727,66,1.0,18.0
913974,71,0.0,0.0
914379,71,0.0,23.0
914380,12,1.0,21.0
914382,52,1.0,0.0
914902,66,1.0,14.0
915588,36,1.0,32.0
916428,12,0.0,0.0
917521,12,1.0,12.0
918204,67,0.0,23.0
919175,57,0.0,0.0
920989,12,0.0,13.0
920847,60,0.0,24.0
921611,53,0.0,12.0
921678,12,0.0,0.0
921698,76,0.0,23.0
921865,69,0.0,0.0
922073,71,1.0,0.0
922351,22,1.0,19.0
923161,53,0.0,18.0
923176,81,0.0,15.0
923112,64,0.0,10.0
923400,22,1.0,0.0
923500,71,1.0,0.0
923869,57,0.0,30.0
924499,12,1.0,18.0
925598,60,1.0,16.0
925617,12,0.0,21.0
926074,12,0.0,19.0
926064,60,1.0,19.0
926852,57,1.0,28.0
927077,57,0.0,0.0
927269,12,1.0,22.0
927602,41,1.0,21.0
927617,38,1.0,16.0
928197,12,0.0,20.0
928624,17,0.0,31.0
928853,12,1.0,0.0
929601,64,1.0,53.0
930805,69,0.0,45.0
932052,41,1.0,14.0
932905,55,1.0,29.0
933707,60,1.0,16.0
933750,36,1.0,12.0
934142,12,0.0,21.0
935099,47,1.0,27.0
935502,19,1.0,47.0
937486,12,1.0,0.0
937485,62,0.0,28.0
938498,12,1.0,0.0
942066,12,1.0,59.0
942079,60,1.0,0.0
942171,60,1.0,36.0
942752,71,0.0,27.0
942640,60,1.0,20.0
942829,12,0.0,27.0
942946,34,0.0,0.0
942998,12,1.0,0.0
942999,71,1.0,15.0
943069,69,1.0,0.0
942972,78,1.0,43.0
944093,69,1.0,19.0
944122,69,1.0,15.0
944337,14,1.0,19.0
944407,69,1.0,22.0
944323,69,1.0,18.0
944325,52,1.0,19.0
945188,36,0.0,21.0
946616,69,0.0,25.0
947409,14,1.0,0.0
947528,59,0.0,1.0
947547,66,1.0,29.0
947792,12,0.0,0.0
947760,12,0.0,28.0
948601,78,0.0,31.0
949186,69,1.0,25.0
951525,59,1.0,32.0
951904,76,1.0,15.0
952161,69,1.0,20.0
952640,69,0.0,19.0
953053,12,1.0,11.0
954305,59,0.0,29.0
958557,12,1.0,0.0
958908,47,1.0,16.0
958901,34,1.0,0.0
959516,12,0.0,24.0
960688,59,0.0,25.0
960773,52,1.0,11.0
960644,66,1.0,19.0
961082,62,0.0,11.0
961083,12,1.0,12.0
961087,59,0.0,11.0
961088,50,0.0,12.0
961486,66,0.0,0.0
962421,12,0.0,33.0
962455,67,0.0,0.0
963903,45,1.0,19.0
964289,59,1.0,17.0
964290,66,1.0,17.0
964302,69,1.0,17.0
965065,62,1.0,18.0
965109,60,0.0,13.0
965346,62,1.0,0.0
966280,34,0.0,16.0
966844,71,0.0,34.0
966719,14,0.0,12.0
966916,21,0.0,39.0
966917,21,1.0,13.0
966919,84,0.0,11.0
966927,62,0.0,0.0
966941,34,1.0,14.0
967262,69,0.0,22.0
967215,47,0.0,22.0
967357,64,0.0,13.0
967358,12,1.0,111.0
967669,12,0.0,23.0
967975,55,0.0,15.0
968484,55,0.0,18.0
968828,12,1.0,18.0
970296,12,1.0,27.0
972020,59,1.0,33.0
972579,62,1.0,0.0
974350,55,1.0,14.0
974500,28,0.0,18.0
976181,78,0.0,10.0
976789,55,1.0,15.0
976863,71,1.0,14.0
976794,21,0.0,15.0
977605,12,0.0,19.0
977828,57,1.0,0.0
977986,67,1.0,16.0
977985,12,1.0,11.0
978395,69,1.0,23.0
978817,29,1.0,0.0
979070,12,0.0,0.0
980511,12,1.0,12.0
980686,62,1.0,8.0
980687,71,0.0,0.0
980688,71,1.0,0.0
980689,69,0.0,12.0
981111,64,1.0,19.0
981324,59,1.0,18.0
981398,12,0.0,22.0
981445,69,1.0,16.0
981771,57,1.0,18.0
982520,14,0.0,14.0
983031,12,1.0,21.0
983193,31,0.0,15.0
983493,72,0.0,0.0
983753,84,1.0,14.0
983754,12,0.0,0.0
983756,12,1.0,0.0
983835,66,1.0,22.0
984184,55,0.0,17.0
984994,57,1.0,0.0
985750,59,1.0,22.0
985992,59,0.0,0.0
986046,12,0.0,0.0
986064,19,1.0,14.0
985960,60,1.0,0.0
986143,59,0.0,0.0
986144,12,0.0,32.0
986145,60,0.0,0.0
987121,12,0.0,25.0
988608,60,0.0,24.0
988794,66,1.0,12.0
988795,59,0.0,0.0
992573,48,1.0,21.0
993137,14,0.0,24.0
993443,12,0.0,34.0
993444,31,1.0,30.0
996467,59,1.0,10.0
996532,17,1.0,34.0
996498,16,1.0,18.0
998911,41,1.0,14.0
999000,57,0.0,21.0
999682,12,1.0,0.0
999684,12,0.0,0.0
999791,52,1.0,25.0
999892,72,0.0,11.0
999877,72,0.0,15.0
999943,12,1.0,17.0
999944,47,0.0,0.0
1000035,12,0.0,0.0
1000077,12,0.0,0.0
1000137,12,1.0,26.0
1000265,57,0.0,0.0
1000351,62,0.0,0.0
1000368,67,1.0,18.0
1000288,14,0.0,17.0
1000304,64,1.0,29.0
1000488,34,1.0,26.0
1000421,67,1.0,24.0
1000512,34,0.0,25.0
1000625,40,1.0,24.0
1000619,57,1.0,24.0
1000730,12,0.0,14.0
1000733,69,1.0,28.0
1001154,12,0.0,29.0
1004328,57,0.0,27.0
1004274,12,0.0,0.0
1004318,12,1.0,22.0
1004338,67,0.0,0.0
1004872,12,0.0,0.0
1005235,38,1.0,12.0
1006576,64,1.0,16.0
1006577,62,0.0,15.0
1007055,12,0.0,32.0
1007223,12,0.0,16.0
1007187,71,0.0,15.0
1009960,55,1.0,0.0
1010879,12,1.0,0.0
1011235,41,1.0,16.0
1011414,47,0.0,31.0
1011747,47,0.0,20.0
1012747,53,0.0,21.0
1012708,71,1.0,15.0
1013032,12,0.0,30.0
1013033,12,1.0,20.0
1013368,62,0.0,24.0
1014181,76,0.0,0.0
1015025,12,1.0,11.0
1015197,12,0.0,0.0
1015851,52,1.0,15.0
1016774,62,0.0,29.0
1017024,69,0.0,43.0
1017077,66,0.0,44.0
1017152,16,0.0,11.0
1017119,66,0.0,34.0
1017157,12,0.0,29.0
1017158,33,1.0,0.0
1017159,12,0.0,0.0
1017205,12,0.0,29.0
1017135,12,0.0,37.0
1018409,12,1.0,10.0
1018505,14,0.0,37.0
1018782,12,1.0,10.0
1018708,64,1.0,0.0
1018884,71,0.0,0.0
1018903,69,1.0,11.0
1019497,72,1.0,53.0
1020762,12,1.0,34.0
1021304,57,0.0,24.0
1022056,12,0.0,21.0
1023469,36,1.0,44.0
1023982,62,1.0,17.0
1024937,71,1.0,35.0
1025903,62,1.0,0.0
1027400,69,0.0,0.0
1027258,74,1.0,57.0
1027699,12,1.0,21.0
1029016,62,1.0,14.0
1030756,12,1.0,32.0
1030832,21,0.0,19.0
1032506,17,1.0,0.0
1032594,14,1.0,20.0
1032340,72,1.0,41.0
1032759,12,0.0,0.0
1032760,67,0.0,14.0
1032781,26,0.0,15.0
1032780,57,0.0,0.0
1034419,53,0.0,14.0
1035166,12,1.0,32.0
1035281,12,0.0,19.0
1037423,12,1.0,28.0
1037461,43,0.0,0.0
1037762,12,0.0,22.0
1037743,55,1.0,25.0
1038603,36,1.0,0.0
1040838,12,0.0,25.0
1041278,12,0.0,23.0
1042480,55,0.0,0.0
1042952,12,0.0,40.0
1043652,71,1.0,0.0
1043751,59,1.0,15.0
1044259,17,0.0,0.0
1044314,64,1.0,13.0
1044495,12,1.0,0.0
1044551,12,0.0,28.0
1044729,47,0.0,29.0
1044715,59,0.0,26.0
1044731,12,0.0,0.0
1044686,64,0.0,34.0
1044687,53,1.0,0.0
1045942,43,1.0,12.0
1047798,33,1.0,15.0
1048045,14,0.0,26.0
1048555,69,1.0,0.0
1048857,64,1.0,24.0
1050839,14,0.0,27.0
1052063,55,0.0,27.0
1052674,12,0.0,13.0
1052675,50,0.0,14.0
1052762,60,1.0,32.0
1056095,53,1.0,0.0
1057096,59,0.0,20.0
1057086,69,1.0,22.0
1057292,66,0.0,38.0
1058357,67,1.0,33.0
1058307,12,1.0,36.0
1059390,71,1.0,18.0
1060137,71,0.0,0.0
1060589,66,1.0,21.0
1061039,62,1.0,17.0
1061685,14,1.0,20.0
1062065,12,0.0,0.0
1062109,12,1.0,38.0
1062736,67,1.0,29.0
1062746,74,0.0,17.0
1062826,48,0.0,17.0
1066140,36,1.0,0.0
1067391,55,1.0,0.0
1068811,59,0.0,26.0
1068816,59,0.0,33.0
1068953,12,0.0,19.0
1069221,55,1.0,27.0
1070062,64,1.0,18.0
1070183,29,1.0,0.0
1070412,71,1.0,26.0
1070801,62,1.0,14.0
1070802,12,0.0,0.0
1071206,12,1.0,19.0
1071312,12,1.0,25.0
1071890,53,1.0,0.0
1071881,19,1.0,28.0
1072188,71,1.0,33.0
1072222,26,1.0,47.0
1072433,12,1.0,49.0
1072527,12,1.0,20.0
1072794,71,1.0,48.0
1074196,74,1.0,15.0
1074207,78,1.0,16.0
1075042,69,1.0,0.0
1075043,67,0.0,0.0
1076075,14,1.0,36.0
1076191,64,0.0,26.0
1077298,64,0.0,37.0
1077806,12,0.0,39.0
1078570,71,1.0,13.0
1078587,60,1.0,29.0
1079999,12,0.0,41.0
1080871,60,0.0,30.0
1081871,48,0.0,0.0
1082699,60,1.0,0.0
1083234,45,1.0,0.0
1083934,45,0.0,0.0
1083945,12,0.0,24.0
1084488,12,1.0,0.0
1084446,69,1.0,34.0
1084503,12,1.0,23.0
1084726,59,1.0,44.0
1085784,12,0.0,12.0
1086042,16,1.0,0.0
1086589,43,1.0,0.0
1086716,55,1.0,0.0
1086948,14,1.0,0.0
1087404,12,0.0,0.0
1087517,26,1.0,0.0
1087810,12,1.0,0.0
1088291,41,0.0,0.0
1088585,55,0.0,42.0
1088576,48,1.0,17.0
1088916,69,1.0,14.0
1089986,14,0.0,34.0
1090032,12,0.0,42.0
1090050,43,0.0,0.0
1090848,12,1.0,17.0
1090849,67,0.0,0.0
1091569,59,0.0,11.0
1091571,12,1.0,11.0
1091907,41,0.0,28.0
1091880,53,1.0,27.0
1092119,59,1.0,0.0
1092177,12,1.0,0.0
1092284,12,0.0,0.0
1092365,17,0.0,0.0
1092873,66,1.0,16.0
1093021,34,0.0,23.0
1093073,62,1.0,15.0
1093334,74,1.0,49.0
1095385,33,0.0,27.0
1096945,66,1.0,0.0
1097165,12,1.0,16.0
1098091,16,0.0,28.0
1098253,60,1.0,27.0
1098769,48,0.0,27.0
1099236,66,0.0,22.0
1099483,57,0.0,30.0
1102048,12,0.0,16.0
1103091,29,1.0,0.0
1103119,12,0.0,24.0
1103122,64,0.0,26.0
1103123,71,0.0,30.0
1103585,62,1.0,0.0
1103667,66,0.0,43.0
1104685,48,0.0,11.0
1105233,57,1.0,29.0
1107514,55,0.0,0.0
1107569,12,0.0,58.0
1107592,72,0.0,35.0
1109380,33,1.0,12.0
1110010,17,0.0,37.0
1110503,12,1.0,0.0
1110504,12,1.0,0.0
1110586,26,0.0,10.0
1110506,64,1.0,27.0
1110935,66,1.0,13.0
1111483,40,0.0,25.0
1113301,12,0.0,13.0
1113302,47,0.0,15.0
1113288,12,0.0,15.0
1113316,71,0.0,12.0
1113317,62,0.0,12.0
1113234,48,0.0,15.0
1113252,72,0.0,14.0
1113253,55,0.0,17.0
1113296,71,0.0,13.0
1113254,48,0.0,25.0
1113448,67,0.0,24.0
1113788,12,0.0,16.0
1114303,62,0.0,36.0
1114480,59,0.0,12.0
1115957,16,0.0,28.0
1115947,12,1.0,29.0
1115948,12,0.0,0.0
1115973,59,0.0,0.0
1116083,40,0.0,32.0
1116302,50,0.0,0.0
1116305,48,1.0,28.0
1116545,71,1.0,51.0
1116546,66,0.0,58.0
1116684,12,1.0,25.0
1116648,64,0.0,25.0
1116844,12,0.0,20.0
1116772,50,1.0,58.0
1116780,12,1.0,0.0
1116823,66,1.0,34.0
1117524,67,0.0,17.0
1118108,66,0.0,11.0
1119848,12,0.0,43.0
1121310,64,1.0,33.0
1121398,64,0.0,12.0
1121647,62,0.0,23.0
1121715,60,1.0,14.0
1121978,43,1.0,11.0
1121979,48,0.0,10.0
1121980,83,0.0,0.0
1122094,52,0.0,31.0
1122557,12,0.0,40.0
1124113,60,0.0,30.0
1124498,76,1.0,32.0
1124958,59,1.0,0.0
1125245,59,1.0,0.0
1127163,62,0.0,0.0
1127239,43,0.0,10.0
1128078,59,0.0,0.0
1128207,64,0.0,33.0
1127984,12,1.0,0.0
1128150,12,1.0,37.0
1128498,52,0.0,10.0
1129772,12,0.0,27.0
1129950,14,1.0,0.0
1130274,12,1.0,26.0
1131800,12,0.0,0.0
1132244,69,0.0,22.0
1133455,69,0.0,31.0
1137843,59,1.0,26.0
1139582,28,0.0,0.0
1141009,79,0.0,13.0
1142089,12,1.0,17.0
1142116,69,1.0,16.0
1143810,55,1.0,23.0
1144341,43,1.0,19.0
1144412,50,0.0,19.0
1145344,71,1.0,29.0
1145424,66,0.0,20.0
1145457,12,0.0,0.0
1145730,55,0.0,23.0
1145928,36,1.0,31.0
1145887,60,1.0,28.0
1145998,45,1.0,0.0
1148206,64,1.0,0.0
1152427,69,1.0,29.0
1154020,64,1.0,20.0
1155615,55,1.0,22.0
1159295,62,0.0,35.0
1159874,60,0.0,16.0
1160298,14,0.0,0.0
1160276,12,0.0,31.0
1160259,55,0.0,21.0
1160264,12,0.0,12.0
1160405,64,0.0,13.0
1160322,12,1.0,26.0
1160425,12,1.0,31.0
1160821,62,0.0,39.0
1162694,41,1.0,49.0
1164921,59,1.0,29.0
1165176,12,1.0,15.0
1167669,71,0.0,14.0
1168416,12,0.0,21.0
1169024,12,1.0,39.0
1170123,31,1.0,15.0
1170247,12,0.0,0.0
1170370,33,1.0,31.0
1170285,12,1.0,0.0
1172743,60,1.0,0.0
1173321,12,1.0,24.0
1173314,40,0.0,40.0
1173392,12,0.0,22.0
1173481,66,0.0,37.0
1173485,17,0.0,27.0
1173464,59,0.0,36.0
1175106,64,0.0,29.0
1175268,12,1.0,20.0
1175831,41,0.0,41.0
1175789,64,1.0,16.0
1177035,12,0.0,0.0
1178257,12,0.0,24.0
1180077,12,1.0,0.0
1180145,12,1.0,42.0
1181497,62,0.0,26.0
1181682,12,0.0,9.0
1182794,12,1.0,38.0
1184330,62,0.0,23.0
1186010,19,1.0,14.0
1186231,71,1.0,13.0
1190217,36,1.0,30.0
1192838,12,0.0,12.0
1194135,12,1.0,23.0
1194538,52,1.0,31.0
1197486,59,0.0,30.0
1197932,62,1.0,31.0
1197920,43,0.0,0.0
1197947,67,1.0,41.0
1199162,55,0.0,50.0
1199163,21,1.0,47.0
1199273,57,1.0,18.0
1199274,57,1.0,19.0
1199378,12,1.0,22.0
1199388,29,1.0,0.0
1201709,59,0.0,9.0
1201941,71,0.0,12.0
1202327,12,0.0,29.0
1202423,12,0.0,9.0
1202473,69,0.0,12.0
1203359,12,1.0,0.0
1203961,12,1.0,10.0
1203833,12,0.0,32.0
1203835,48,0.0,43.0
1203996,14,0.0,55.0
1204011,69,1.0,25.0
1204004,12,0.0,22.0
1204005,12,0.0,17.0
1204058,12,0.0,0.0
1203971,12,1.0,35.0
1203972,12,0.0,0.0
1203960,12,1.0,8.0
1204349,12,1.0,17.0
1207504,31,1.0,16.0
1209796,12,0.0,0.0
1210731,71,1.0,11.0
1210752,12,0.0,0.0
1219465,71,1.0,30.0
1220421,62,1.0,27.0
1220915,34,1.0,40.0
1221965,24,0.0,18.0
1222046,48,1.0,26.0
1222337,12,1.0,0.0
1222398,67,0.0,46.0
1222447,12,1.0,16.0
1222525,69,1.0,28.0
1222611,36,0.0,0.0
1222661,69,0.0,15.0
1223091,12,0.0,0.0
1223405,12,0.0,24.0
1223549,17,0.0,0.0
1226059,55,0.0,30.0
1226156,29,0.0,0.0
1226067,76,1.0,45.0
1226484,57,1.0,36.0
1227412,12,0.0,0.0
1227433,12,0.0,0.0
1227620,12,1.0,43.0
1227634,69,1.0,40.0
1227666,12,1.0,19.0
1227568,62,1.0,0.0
1227873,71,1.0,24.0
1229798,62,0.0,24.0
1229790,14,0.0,0.0
1229928,59,1.0,8.0
1229991,66,1.0,11.0
1230201,12,1.0,24.0
1230520,67,1.0,27.0
1232328,12,0.0,17.0
1232843,67,0.0,27.0
1233715,12,1.0,27.0
1233765,67,1.0,46.0
1234017,45,1.0,0.0
1234118,12,1.0,20.0
1234134,12,0.0,35.0
1234501,43,0.0,0.0
1234435,12,1.0,22.0
1234586,69,1.0,20.0
1235111,12,1.0,49.0
1235237,69,1.0,29.0
1235238,12,0.0,25.0
1235228,78,0.0,27.0
1235455,50,1.0,47.0
1238628,12,1.0,35.0
1239418,31,1.0,32.0
1240914,31,0.0,24.0
1243077,12,1.0,16.0
1244995,45,0.0,31.0
1244997,12,1.0,0.0
1244954,12,0.0,0.0
1247937,12,0.0,55.0
1248155,12,0.0,29.0
1248080,64,0.0,19.0
1248111,12,0.0,24.0
1248466,12,1.0,38.0
1248482,76,1.0,12.0
1248477,12,0.0,26.0
1248574,62,1.0,0.0
1248638,12,0.0,0.0
1249586,12,0.0,36.0
1250912,12,1.0,29.0
1252488,12,1.0,28.0
1253354,62,0.0,29.0
1253689,12,0.0,0.0
1253766,12,0.0,0.0
1253822,12,1.0,30.0
1253911,71,1.0,11.0
1253800,12,1.0,21.0
1254011,12,0.0,40.0
1254153,12,0.0,0.0
1254141,31,1.0,0.0
1254197,52,0.0,0.0
1254135,12,0.0,41.0
1255796,57,1.0,18.0
1255738,34,0.0,15.0
1256245,48,1.0,32.0
1259080,12,0.0,15.0
1262963,12,0.0,17.0
1264029,60,0.0,17.0
1264030,50,0.0,18.0
1267741,45,1.0,0.0
1268044,26,1.0,19.0
1270934,62,0.0,26.0
1272738,12,0.0,9.0
1272730,69,0.0,0.0
1272917,50,1.0,12.0
1273070,50,0.0,34.0
1274245,12,0.0,0.0
1274246,31,0.0,38.0
1274440,64,1.0,0.0
1277634,12,1.0,28.0
1278994,12,0.0,0.0
1280797,57,0.0,0.0
1282112,71,0.0,17.0
1282427,12,0.0,0.0
1282565,12,0.0,0.0
1285770,64,1.0,29.0
1291466,12,1.0,11.0
1291625,12,0.0,45.0
1291722,64,1.0,28.0
1293063,52,1.0,0.0
1293721,64,0.0,12.0
1293954,12,0.0,21.0
1294025,60,0.0,14.0
1294937,12,0.0,20.0
1295274,38,0.0,19.0
1296348,12,0.0,19.0
1296402,12,1.0,20.0
1298718,45,1.0,0.0
1299803,59,1.0,15.0
1300298,48,1.0,13.0
1301002,69,0.0,49.0
1301446,12,1.0,15.0
1305826,71,1.0,0.0
1306071,59,0.0,9.0
1310270,62,1.0,28.0
1310656,12,1.0,0.0
1311219,29,0.0,39.0
1311573,12,0.0,0.0
1313263,60,1.0,0.0
1314762,12,1.0,27.0
1315080,33,0.0,0.0
1315427,12,1.0,0.0
1315438,72,0.0,0.0
1316387,12,0.0,0.0
1316498,64,0.0,0.0
1316747,12,0.0,33.0
1316838,19,0.0,26.0
1317748,12,1.0,12.0
1317966,76,1.0,0.0
1319553,12,1.0,12.0
1319680,12,1.0,0.0
1319667,12,0.0,0.0
1319954,50,0.0,0.0
1320439,12,1.0,57.0
1320506,12,0.0,47.0
1320656,48,0.0,34.0
1320718,12,0.0,38.0
1320833,53,0.0,0.0
1321231,17,0.0,28.0
1321367,12,1.0,55.0
1321358,12,1.0,13.0
1321420,12,0.0,43.0
1321595,33,0.0,30.0
1321812,69,1.0,0.0
1322800,12,1.0,15.0
1323164,12,1.0,0.0
1324226,12,0.0,0.0
1324312,53,1.0,37.0
1324685,12,0.0,3.0
1325551,72,0.0,36.0
1325750,36,1.0,0.0
1325756,12,0.0,9.0
1325757,12,0.0,10.0
1326202,14,1.0,15.0
1326740,12,0.0,0.0
1328298,12,1.0,0.0
1328095,57,0.0,0.0
1329330,12,1.0,53.0
1329360,34,0.0,49.0
1329969,64,0.0,47.0
1330712,41,0.0,0.0
1332134,67,1.0,32.0
1335812,69,1.0,14.0
1337068,12,1.0,55.0
1337232,12,1.0,35.0
1337403,12,0.0,0.0
1337810,12,1.0,13.0
1338487,12,0.0,28.0
1338590,69,0.0,12.0
1338648,60,0.0,16.0
1338649,66,0.0,12.0
1338697,62,1.0,0.0
1338736,29,0.0,28.0
1338738,71,0.0,14.0
1338599,12,1.0,15.0
1338774,31,0.0,15.0
1338888,72,0.0,0.0
1338852,12,0.0,42.0
1341472,67,1.0,12.0
1343199,12,0.0,14.0
1344789,50,0.0,0.0
1346559,57,0.0,13.0
1346972,12,1.0,24.0
1349074,12,0.0,14.0
1349480,12,1.0,0.0
1349959,12,0.0,15.0
1351091,12,1.0,21.0
1350958,29,0.0,43.0
1353602,36,1.0,51.0
1353800,33,1.0,0.0
1353978,69,0.0,15.0
1354987,53,1.0,34.0
1355140,16,0.0,10.0
1356739,12,1.0,16.0
1356720,43,1.0,18.0
1356873,29,1.0,12.0
1358902,60,0.0,0.0
1358998,53,0.0,0.0
1366388,55,1.0,0.0
1367699,62,0.0,13.0
1367997,12,0.0,12.0
1369810,12,1.0,0.0
1371298,12,0.0,8.0
1375196,59,0.0,49.0
1376783,24,0.0,15.0
1377039,40,0.0,16.0
1377157,59,0.0,15.0
1377188,67,0.0,16.0
1377161,12,0.0,15.0
1378125,12,0.0,26.0
1380442,59,0.0,0.0
1382828,60,1.0,39.0
1382788,12,0.0,12.0
1383286,67,0.0,13.0
1383629,71,0.0,43.0
1384091,24,0.0,31.0
1386627,12,0.0,17.0
1390310,12,0.0,0.0
1390755,12,1.0,38.0
1391711,12,1.0,0.0
1394729,66,0.0,41.0
1394859,12,0.0,0.0
1396085,40,1.0,27.0
1396762,12,0.0,13.0
1396692,12,0.0,11.0
1401836,12,1.0,23.0
1401810,66,0.0,15.0
1402001,19,1.0,30.0
1402044,12,1.0,0.0
1402524,53,0.0,15.0
1403363,12,0.0,0.0
1403366,34,0.0,0.0
1403462,50,0.0,32.0
1403505,60,1.0,0.0
1403649,12,0.0,10.0
1403654,12,1.0,10.0
1404266,60,0.0,31.0
1404949,12,1.0,23.0
1405778,36,1.0,33.0
1405941,12,0.0,16.0
1409429,12,0.0,21.0
1409542,66,0.0,22.0
1409543,12,0.0,18.0
1409544,12,0.0,22.0
1410965,12,1.0,0.0
1412924,43,0.0,36.0
1414284,72,1.0,38.0
1415497,12,1.0,54.0
1415747,12,1.0,0.0
1416957,62,0.0,0.0
1416958,67,0.0,0.0
1416985,62,0.0,0.0
1417744,12,0.0,23.0
1418789,52,0.0,25.0
1418830,12,0.0,12.0
1420016,12,0.0,37.0
1420836,12,0.0,10.0
1420837,12,1.0,12.0
1420843,12,0.0,29.0
1420844,71,0.0,11.0
1420851,12,0.0,32.0
1420858,12,0.0,8.0
1421138,12,0.0,12.0
1421272,12,1.0,53.0
1422147,16,1.0,53.0
1423820,12,1.0,0.0
1425614,62,0.0,14.0
1427071,21,1.0,29.0
1427072,12,1.0,41.0
1428778,12,1.0,17.0
1429631,12,1.0,30.0
1429632,12,1.0,30.0
1429636,64,1.0,28.0
1430565,64,1.0,34.0
1431074,59,0.0,49.0
1439465,74,1.0,13.0
1440638,12,1.0,0.0
1440765,12,1.0,23.0
1440790,12,1.0,0.0
1441167,12,0.0,16.0
1442214,40,0.0,32.0
1442617,67,0.0,17.0
1445188,53,1.0,33.0
1447114,22,0.0,38.0
1447338,28,1.0,0.0
1447609,12,1.0,21.0
1447720,69,0.0,31.0
1448980,12,1.0,0.0
1450743,38,1.0,43.0
1452575,12,1.0,16.0
1453598,62,0.0,34.0
1454833,12,0.0,0.0
1457150,57,0.0,40.0
1457151,36,1.0,0.0
1457233,12,1.0,0.0
1457747,14,0.0,0.0
1458479,12,1.0,27.0
1458501,12,1.0,20.0
1458744,12,1.0,0.0
1459597,12,1.0,36.0
1463239,12,1.0,26.0
1463304,12,0.0,0.0
1463413,12,1.0,10.0
1463758,12,0.0,0.0
1464591,12,0.0,0.0
1464646,62,0.0,0.0
1464937,12,1.0,8.0
1464960,12,1.0,19.0
1464969,62,1.0,34.0
1465076,66,1.0,48.0
1468077,12,0.0,15.0
1470386,12,1.0,24.0
1470591,43,1.0,11.0
1471947,12,1.0,13.0
1472238,12,0.0,28.0
1475926,12,1.0,15.0
1476561,12,1.0,12.0
1477447,55,0.0,12.0
1477754,71,0.0,12.0
1479055,12,0.0,31.0
1479233,24,0.0,54.0
1479246,53,0.0,32.0
1479295,12,1.0,0.0
1483782,12,0.0,29.0
1483783,12,0.0,29.0
1483784,12,0.0,29.0
1484526,59,1.0,26.0
1484602,12,0.0,29.0
1485120,60,0.0,0.0
1486550,62,1.0,24.0
1486742,12,1.0,23.0
1487506,12,0.0,0.0
1487849,62,0.0,11.0
1487892,12,1.0,0.0
1488174,12,0.0,37.0
1488359,12,1.0,16.0
1488551,12,1.0,0.0
1488757,12,0.0,0.0
1489308,12,1.0,62.0
1490939,12,0.0,34.0
1491095,12,1.0,39.0
1493015,12,0.0,0.0
1494972,36,0.0,0.0
1495737,12,0.0,0.0
1495967,12,0.0,0.0
1496185,12,1.0,29.0
1499394,69,0.0,10.0
1500437,12,1.0,35.0
1500556,12,1.0,41.0
1502138,59,0.0,39.0
1502192,12,0.0,40.0
1502950,33,0.0,33.0
1503737,67,0.0,37.0
1505308,12,1.0,0.0
1507183,43,0.0,39.0
1507336,12,1.0,22.0
1507444,59,0.0,13.0
1509511,12,0.0,29.0
1509739,47,1.0,35.0
1510270,48,0.0,53.0
1511052,71,1.0,37.0
1511711,67,0.0,12.0
1511820,71,0.0,43.0
1512457,12,0.0,0.0
1512560,45,1.0,0.0
1512561,47,0.0,0.0
1515546,12,1.0,0.0
1516831,12,0.0,24.0
1518271,12,0.0,29.0
1519417,36,1.0,11.0
1521776,12,0.0,0.0
1521777,12,0.0,43.0
1521786,12,1.0,0.0
1521825,12,1.0,0.0
1521870,12,0.0,0.0
1521891,12,0.0,38.0
1521892,12,1.0,0.0
1521894,12,1.0,34.0
1522509,66,0.0,18.0
1522575,12,0.0,42.0
1524002,47,0.0,13.0
1525708,43,0.0,41.0
1527947,14,0.0,20.0
1528900,50,0.0,45.0
1531403,12,0.0,20.0
1531805,40,1.0,44.0
1532744,34,0.0,26.0
1532747,69,1.0,41.0
1533351,45,0.0,0.0
1533485,41,0.0,0.0
1535826,12,0.0,0.0
1537391,12,1.0,34.0
1541603,66,1.0,11.0
1541701,12,1.0,0.0
1544002,40,1.0,37.0
1545821,12,1.0,17.0
1546684,57,1.0,33.0
1546866,12,0.0,31.0
1547750,71,1.0,35.0
1548416,71,1.0,0.0
1548557,12,1.0,10.0
1551766,14,0.0,38.0
1554151,12,0.0,0.0
1554436,12,1.0,39.0
1555901,12,0.0,42.0
1560464,12,0.0,0.0
1560681,12,0.0,0.0
1561283,31,0.0,51.0
1562441,12,0.0,37.0
1562671,12,1.0,14.0
1563329,69,0.0,36.0
1563408,12,0.0,11.0
1564449,12,1.0,31.0
1564734,59,0.0,27.0
1565048,67,0.0,31.0
1565211,52,0.0,44.0
1568166,12,1.0,29.0
1568259,12,0.0,11.0
1568743,12,0.0,9.0
1569809,12,0.0,12.0
1569915,12,0.0,11.0
1570084,12,1.0,11.0
1570203,22,1.0,11.0
1570204,12,1.0,11.0
1574224,71,0.0,29.0
1576605,12,1.0,40.0
1576721,45,1.0,35.0
1578024,69,0.0,15.0
1580754,12,0.0,11.0
1581047,38,0.0,44.0
1584102,69,1.0,45.0
1585296,12,1.0,10.0
1587129,12,0.0,28.0
1587162,12,1.0,43.0
1587166,67,0.0,56.0
1587836,38,0.0,30.0
1587837,34,0.0,38.0
1589396,12,0.0,38.0
1589766,38,1.0,52.0
1589790,12,1.0,45.0
1589868,67,1.0,35.0
1590684,12,1.0,28.0
1591733,71,1.0,36.0
1592020,12,1.0,47.0
1594909,12,1.0,9.0
1597544,12,0.0,0.0
1600589,16,1.0,0.0
1601031,12,1.0,0.0
1601188,12,0.0,14.0
1601227,12,0.0,23.0
1601275,12,0.0,0.0
1601619,12,1.0,16.0
1603709,62,1.0,12.0
1603781,12,1.0,12.0
1604686,12,1.0,35.0
1605293,12,0.0,12.0
1605409,12,1.0,12.0
1605576,12,1.0,16.0
1608535,12,0.0,40.0
1609012,12,0.0,17.0
1612875,12,1.0,33.0
1614105,12,1.0,50.0
1614221,16,1.0,0.0
1615989,12,1.0,36.0
1618348,12,0.0,32.0
1619186,14,1.0,0.0
1619728,12,0.0,29.0
1620001,12,1.0,12.0
1621104,12,1.0,25.0
1621105,12,0.0,10.0
1624171,12,1.0,36.0
1626519,12,0.0,0.0
1626877,72,0.0,49.0
1631312,12,1.0,45.0
1632169,12,0.0,0.0
